0.4511111111 0.4511111111 0.4577777778 0.4511111111 0.4511111111 0.4577777778 0.4511111111 0.4511111111 
0.4522222222 0.4522222222 0.4588888889 0.4522222222 0.4588888889 0.4544444444 0.4588888889 0.4522222222 
0.4466666667 0.4511111111 0.4466666667 0.4466666667 0.4466666667 0.4533333333 0.4466666667 0.4466666667 
0.4333333333 0.4377777778 0.4466666667 0.4466666667 0.4422222222 0.4444444444 0.4466666667 0.4377777778 
0.4188888889 0.4255555556 0.4255555556 0.4233333333 0.4233333333 0.4233333333 0.4233333333 0.4233333333 
0.4622222222 0.4622222222 0.4622222222 0.4622222222 0.4622222222 0.4644444444 0.4622222222 0.4622222222 
0.4688888889 0.4688888889 0.4688888889 0.4688888889 0.4688888889 0.4755555556 0.4755555556 0.4688888889 
0.4377777778 0.4377777778 0.4377777778 0.4377777778 0.4377777778 0.4377777778 0.4377777778 0.4377777778 
0.4622222222 0.4622222222 0.4622222222 0.4622222222 0.4622222222 0.4622222222 0.4622222222 0.4622222222 
0.4677777778 0.47 0.4677777778 0.4677777778 0.4677777778 0.4677777778 0.4677777778 0.4677777778 
0.4555555556 0.4555555556 0.4555555556 0.4555555556 0.4555555556 0.4688888889 0.4688888889 0.4555555556 
0.4366666667 0.4388888889 0.4366666667 0.4366666667 0.4366666667 0.4366666667 0.4366666667 0.4366666667 
0.4388888889 0.4388888889 0.4388888889 0.4388888889 0.4388888889 0.4388888889 0.4388888889 0.4388888889 
0.4655555556 0.4655555556 0.4655555556 0.4655555556 0.4655555556 0.4655555556 0.4655555556 0.4655555556 
0.4711111111 0.4711111111 0.4711111111 0.48 0.4733333333 0.4733333333 0.4733333333 0.4711111111 
0.4266666667 0.4311111111 0.4266666667 0.4266666667 0.4266666667 0.4355555556 0.4266666667 0.4266666667 
0.4633333333 0.4655555556 0.4633333333 0.4633333333 0.4633333333 0.4633333333 0.4633333333 0.4633333333 
0.4511111111 0.4533333333 0.4511111111 0.4511111111 0.4511111111 0.4511111111 0.4511111111 0.4511111111 
0.4533333333 0.4533333333 0.4533333333 0.46 0.4644444444 0.4644444444 0.4533333333 0.4533333333 
0.46 0.4622222222 0.46 0.4622222222 0.4711111111 0.4688888889 0.46 0.46 
0.4522222222 0.4588888889 0.4544444444 0.4522222222 0.4544444444 0.4522222222 0.4522222222 0.4522222222 
0.4588888889 0.4588888889 0.4588888889 0.4588888889 0.4588888889 0.4633333333 0.4633333333 0.4588888889 
0.4588888889 0.4633333333 0.4633333333 0.4633333333 0.4677777778 0.4655555556 0.4722222222 0.4633333333 
0.4733333333 0.4733333333 0.4733333333 0.4733333333 0.4733333333 0.48 0.4777777778 0.4733333333 
0.4388888889 0.4455555556 0.4411111111 0.45 0.45 0.4411111111 0.4411111111 0.4411111111 
0.4444444444 0.4444444444 0.4444444444 0.4444444444 0.4444444444 0.4466666667 0.4444444444 0.4444444444 
0.45 0.4588888889 0.45 0.45 0.45 0.45 0.45 0.45 
0.44 0.4488888889 0.4444444444 0.4466666667 0.4444444444 0.4444444444 0.44 0.44 
0.4377777778 0.44 0.4377777778 0.44 0.4422222222 0.4422222222 0.4377777778 0.4377777778 
0.4488888889 0.46 0.4488888889 0.4488888889 0.4488888889 0.4622222222 0.4488888889 0.4488888889 
