0.4523809524 0.4523809524 0.4523809524 0.4523809524 0.4523809524 0.4523809524 0.4523809524 0.4523809524 
0.4333333333 0.4333333333 0.4333333333 0.4333333333 0.4333333333 0.4333333333 0.4333333333 0.4333333333 
0.469047619 0.469047619 0.469047619 0.469047619 0.469047619 0.5214285714 0.469047619 0.469047619 
0.4714285714 0.4714285714 0.4714285714 0.5095238095 0.4904761905 0.4714285714 0.4714285714 0.4714285714 
0.4666666667 0.4666666667 0.4666666667 0.4666666667 0.4666666667 0.4666666667 0.4666666667 0.4666666667 
0.4523809524 0.4523809524 0.4523809524 0.4523809524 0.4523809524 0.4523809524 0.4523809524 0.4523809524 
0.4214285714 0.4214285714 0.4214285714 0.4214285714 0.4214285714 0.4214285714 0.4214285714 0.4214285714 
0.4738095238 0.4738095238 0.4738095238 0.4738095238 0.4738095238 0.4738095238 0.4738095238 0.4738095238 
0.4380952381 0.4380952381 0.4380952381 0.4380952381 0.4380952381 0.4380952381 0.4380952381 0.4380952381 
0.4333333333 0.4333333333 0.4333333333 0.4333333333 0.4333333333 0.4333333333 0.4333333333 0.4333333333 
0.4571428571 0.4571428571 0.4571428571 0.4571428571 0.4571428571 0.4571428571 0.4571428571 0.4571428571 
0.4666666667 0.4666666667 0.4666666667 0.4666666667 0.4666666667 0.4666666667 0.4666666667 0.4666666667 
0.480952381 0.480952381 0.480952381 0.480952381 0.480952381 0.5 0.480952381 0.480952381 
0.4833333333 0.4833333333 0.4880952381 0.4880952381 0.4833333333 0.4880952381 0.4880952381 0.4833333333 
0.4571428571 0.4571428571 0.4571428571 0.4571428571 0.4571428571 0.4571428571 0.4571428571 0.4571428571 
0.4476190476 0.4476190476 0.4476190476 0.4619047619 0.4619047619 0.4571428571 0.4571428571 0.4476190476 
0.4238095238 0.4238095238 0.4238095238 0.4238095238 0.4238095238 0.4333333333 0.4333333333 0.4238095238 
0.4404761905 0.4404761905 0.4404761905 0.4404761905 0.4404761905 0.4404761905 0.4404761905 0.4404761905 
0.4476190476 0.4476190476 0.4476190476 0.4476190476 0.4476190476 0.4476190476 0.4476190476 0.4476190476 
0.4642857143 0.4642857143 0.4642857143 0.4642857143 0.4642857143 0.4642857143 0.4642857143 0.4642857143 
0.4476190476 0.4476190476 0.4476190476 0.4476190476 0.4476190476 0.4476190476 0.4476190476 0.4476190476 
0.45 0.45 0.45 0.45 0.45 0.45 0.45 0.45 
0.4452380952 0.4452380952 0.4452380952 0.4452380952 0.4452380952 0.4452380952 0.4452380952 0.4452380952 
0.4761904762 0.4761904762 0.4761904762 0.480952381 0.4857142857 0.4857142857 0.4761904762 0.4761904762 
0.4547619048 0.4547619048 0.4547619048 0.4547619048 0.4547619048 0.4547619048 0.4547619048 0.4547619048 
0.45 0.45 0.45 0.45 0.45 0.4595238095 0.4595238095 0.45 
0.4547619048 0.4547619048 0.4547619048 0.4547619048 0.4547619048 0.4547619048 0.4547619048 0.4547619048 
0.469047619 0.469047619 0.469047619 0.469047619 0.469047619 0.469047619 0.469047619 0.469047619 
0.4452380952 0.4452380952 0.4452380952 0.4452380952 0.4452380952 0.4452380952 0.4452380952 0.4452380952 
0.4547619048 0.4547619048 0.4785714286 0.4547619048 0.4785714286 0.4547619048 0.4785714286 0.4547619048 
0.4571428571 0.4571428571 0.5428571429 0.4904761905 0.5142857143 0.230952381 0.230952381 0.230952381 
0.4571428571 0.4571428571 0.4571428571 0.5285714286 0.5285714286 0.4666666667 0.4571428571 0.4571428571 
0.4571428571 0.4571428571 0.4571428571 0.4571428571 0.4571428571 0.4571428571 0.4571428571 0.4571428571 
0.4666666667 0.4666666667 0.4666666667 0.4666666667 0.4666666667 0.4666666667 0.4666666667 0.4666666667 
