0.3333333333 0.3333333333 0.3333333333 0.3333333333 0.3333333333 0.3333333333 0.3333333333 0.3333333333 
0.3833333333 0.4166666667 0.3833333333 0.3833333333 0.3833333333 0.3833333333 0.3833333333 0.3833333333 
0.45 0.45 0.45 0.45 0.45 0.45 0.45 0.45 
0.3833333333 0.3833333333 0.3833333333 0.3833333333 0.3833333333 0.3833333333 0.3833333333 0.3833333333 
0.4166666667 0.4166666667 0.4166666667 0.4166666667 0.4166666667 0.4166666667 0.4166666667 0.4166666667 
0.3666666667 0.4 0.3666666667 0.3666666667 0.3666666667 0.3666666667 0.3666666667 0.3666666667 
0.3833333333 0.3833333333 0.3833333333 0.3833333333 0.3833333333 0.3833333333 0.3833333333 0.3833333333 
0.25 0.25 0.25 0.25 0.25 0.25 0.25 0.25 
0.3833333333 0.3833333333 0.3833333333 0.3833333333 0.3833333333 0.3833333333 0.3833333333 0.3833333333 
0.4166666667 0.4166666667 0.4166666667 0.4166666667 0.4166666667 0.4166666667 0.4166666667 0.4166666667 
0.3666666667 0.3666666667 0.3666666667 0.3666666667 0.3666666667 0.3666666667 0.3666666667 0.3666666667 
0.3833333333 0.3833333333 0.3833333333 0.3833333333 0.3833333333 0.3833333333 0.3833333333 0.3833333333 
0.4 0.4 0.4 0.4 0.4 0.4 0.4 0.4 
0.35 0.35 0.35 0.35 0.35 0.35 0.35 0.35 
0.3833333333 0.3833333333 0.3833333333 0.45 0.45 0.4166666667 0.4166666667 0.3833333333 
0.3666666667 0.3666666667 0.3666666667 0.3666666667 0.3666666667 0.3666666667 0.3666666667 0.3666666667 
0.3166666667 0.3166666667 0.3166666667 0.3166666667 0.3166666667 0.3166666667 0.3166666667 0.3166666667 
0.3333333333 0.3333333333 0.3333333333 0.3333333333 0.3333333333 0.3333333333 0.3333333333 0.3333333333 
0.4 0.4 0.4 0.4 0.4 0.4333333333 0.4333333333 0.4 
0.4166666667 0.4166666667 0.4166666667 0.4166666667 0.4166666667 0.4166666667 0.4166666667 0.4166666667 
0.3166666667 0.3166666667 0.3166666667 0.3166666667 0.3166666667 0.3166666667 0.3166666667 0.3166666667 
0.3 0.3 0.3 0.3 0.3 0.3 0.3 0.3 
0.35 0.35 0.35 0.35 0.35 0.35 0.35 0.35 
0.4 0.4 0.4 0.4 0.4 0.4 0.4 0.4 
0.3166666667 0.3166666667 0.3166666667 0.3166666667 0.3166666667 0.3166666667 0.3166666667 0.3166666667 
0.3166666667 0.3166666667 0.3166666667 0.3166666667 0.3166666667 0.3166666667 0.3166666667 0.3166666667 
0.4166666667 0.4166666667 0.4166666667 0.4166666667 0.4166666667 0.4166666667 0.4166666667 0.4166666667 
0.35 0.35 0.35 0.35 0.35 0.35 0.35 0.35 
0.3666666667 0.3666666667 0.3666666667 0.3666666667 0.3666666667 0.3666666667 0.3666666667 0.3666666667 
0.35 0.35 0.35 0.35 0.35 0.35 0.35 0.35 
