0.4555555556 0.4555555556 0.4555555556 0.4555555556 0.4555555556 0.4555555556 0.4555555556 0.4555555556 
0.4388888889 0.4388888889 0.4388888889 0.4388888889 0.4388888889 0.4388888889 0.4388888889 0.4388888889 
0.4611111111 0.4611111111 0.4611111111 0.4611111111 0.4611111111 0.4722222222 0.4611111111 0.4611111111 
0.487037037 0.487037037 0.487037037 0.487037037 0.487037037 0.5018518519 0.487037037 0.487037037 
0.4796296296 0.4796296296 0.4796296296 0.4981481481 0.4981481481 0.4796296296 0.4796296296 0.4796296296 
0.4722222222 0.4722222222 0.4722222222 0.4796296296 0.4796296296 0.4722222222 0.4722222222 0.4722222222 
0.4444444444 0.4444444444 0.4444444444 0.4444444444 0.4444444444 0.4444444444 0.4444444444 0.4444444444 
0.487037037 0.487037037 0.487037037 0.487037037 0.4907407407 0.487037037 0.487037037 0.487037037 
0.4648148148 0.4648148148 0.4648148148 0.4648148148 0.4648148148 0.4648148148 0.4648148148 0.4648148148 
0.4388888889 0.4388888889 0.4388888889 0.4388888889 0.4388888889 0.4388888889 0.4388888889 0.4388888889 
0.462962963 0.462962963 0.462962963 0.462962963 0.462962963 0.5074074074 0.5074074074 0.462962963 
0.4666666667 0.4666666667 0.4666666667 0.4666666667 0.4666666667 0.4666666667 0.4666666667 0.4666666667 
0.4722222222 0.4722222222 0.4722222222 0.4981481481 0.4981481481 0.4722222222 0.4722222222 0.4722222222 
0.4740740741 0.4740740741 0.4740740741 0.4740740741 0.4740740741 0.4740740741 0.4740740741 0.4740740741 
0.462962963 0.462962963 0.462962963 0.462962963 0.462962963 0.462962963 0.462962963 0.462962963 
0.4407407407 0.4407407407 0.4407407407 0.4407407407 0.4407407407 0.4407407407 0.4407407407 0.4407407407 
0.4259259259 0.4259259259 0.4259259259 0.4259259259 0.4259259259 0.4259259259 0.4259259259 0.4259259259 
0.4314814815 0.4314814815 0.4314814815 0.4314814815 0.4314814815 0.4314814815 0.4314814815 0.4314814815 
0.4407407407 0.4407407407 0.4407407407 0.4407407407 0.4407407407 0.4407407407 0.4407407407 0.4407407407 
0.462962963 0.462962963 0.462962963 0.462962963 0.462962963 0.462962963 0.462962963 0.462962963 
0.4518518519 0.4518518519 0.4518518519 0.4518518519 0.4518518519 0.4518518519 0.4518518519 0.4518518519 
0.4574074074 0.4574074074 0.4574074074 0.4574074074 0.4574074074 0.4574074074 0.4574074074 0.4574074074 
0.437037037 0.437037037 0.437037037 0.437037037 0.437037037 0.437037037 0.437037037 0.437037037 
0.4796296296 0.4796296296 0.4796296296 0.4796296296 0.4796296296 0.4796296296 0.4796296296 0.4796296296 
0.4740740741 0.4740740741 0.4740740741 0.4740740741 0.4740740741 0.4925925926 0.4740740741 0.4740740741 
0.4611111111 0.4611111111 0.4611111111 0.4611111111 0.4611111111 0.4685185185 0.4685185185 0.4611111111 
0.4555555556 0.4555555556 0.4555555556 0.4666666667 0.4666666667 0.4666666667 0.4666666667 0.4555555556 
0.4537037037 0.4537037037 0.4537037037 0.4537037037 0.4537037037 0.4537037037 0.4537037037 0.4537037037 
0.4444444444 0.4444444444 0.4444444444 0.4444444444 0.4444444444 0.4444444444 0.4444444444 0.4444444444 
0.4759259259 0.4759259259 0.5092592593 0.4759259259 0.4759259259 0.4759259259 0.4759259259 0.4759259259 
