0.4625 0.4714285714 0.4669642857 0.4625 0.4625 0.4669642857 0.4669642857 0.4625 
0.465625 0.4665178571 0.4665178571 0.4665178571 0.4665178571 0.4674107143 0.4674107143 0.4665178571 
0.4549107143 0.4700892857 0.4584821429 0.465625 0.4584821429 0.4566964286 0.4566964286 0.4566964286 
0.4620535714 0.4709821429 0.4674107143 0.4629464286 0.4700892857 0.4620535714 0.4647321429 0.4620535714 
0.4700892857 0.4736607143 0.4700892857 0.478125 0.4754464286 0.4727678571 0.4727678571 0.4700892857 
0.4691964286 0.4700892857 0.4691964286 0.4808035714 0.4816964286 0.471875 0.471875 0.4691964286 
0.4602678571 0.4620535714 0.4620535714 0.4602678571 0.4629464286 0.4611607143 0.4629464286 0.4602678571 
0.4357142857 0.4455357143 0.4455357143 0.4455357143 0.4357142857 0.4357142857 0.4375 0.4357142857 
0.4660714286 0.475 0.4660714286 0.4660714286 0.4660714286 0.4732142857 0.4732142857 0.4660714286 
0.446875 0.4558035714 0.4486607143 0.446875 0.4477678571 0.4477678571 0.4486607143 0.446875 
0.4424107143 0.4513392857 0.4424107143 0.4424107143 0.4424107143 0.4459821429 0.4459821429 0.4424107143 
0.4642857143 0.4723214286 0.46875 0.4767857143 0.4741071429 0.4705357143 0.4669642857 0.4669642857 
0.4370535714 0.440625 0.4370535714 0.4370535714 0.4370535714 0.4397321429 0.4397321429 0.4370535714 
0.4504464286 0.453125 0.4513392857 0.4513392857 0.4513392857 0.4566964286 0.4513392857 0.4513392857 
0.453125 0.4584821429 0.4549107143 0.4575892857 0.4575892857 0.4700892857 0.4602678571 0.4549107143 
0.4473214286 0.4491071429 0.4473214286 0.4473214286 0.4473214286 0.4517857143 0.4517857143 0.4473214286 
0.4638392857 0.4683035714 0.4647321429 0.4941964286 0.4941964286 0.4736607143 0.4674107143 0.4647321429 
0.471875 0.4754464286 0.4736607143 0.4763392857 0.478125 0.4763392857 0.4763392857 0.4736607143 
0.4616071429 0.4669642857 0.4616071429 0.4785714286 0.4785714286 0.4616071429 0.4616071429 0.4616071429 
0.4611607143 0.4691964286 0.4611607143 0.4629464286 0.4629464286 0.4629464286 0.465625 0.4611607143 
0.4607142857 0.4642857143 0.4633928571 0.4633928571 0.4633928571 0.4678571429 0.4669642857 0.4633928571 
0.4526785714 0.4589285714 0.4526785714 0.4526785714 0.4526785714 0.4553571429 0.4526785714 0.4526785714 
0.4678571429 0.4723214286 0.4723214286 0.4794642857 0.4955357143 0.46875 0.46875 0.46875 
0.4482142857 0.4491071429 0.4482142857 0.4482142857 0.4482142857 0.4491071429 0.4491071429 0.4482142857 
0.4665178571 0.471875 0.4700892857 0.4683035714 0.4700892857 0.4665178571 0.4665178571 0.4665178571 
0.45625 0.4669642857 0.45625 0.45625 0.45625 0.4616071429 0.4616071429 0.45625 
0.4772321429 0.4834821429 0.4772321429 0.484375 0.4834821429 0.4808035714 0.4772321429 0.4772321429 
0.4513392857 0.4638392857 0.4513392857 0.4513392857 0.4513392857 0.4790178571 0.4736607143 0.4513392857 
0.4602678571 0.4647321429 0.4611607143 0.4700892857 0.4700892857 0.4647321429 0.4620535714 0.4611607143 
0.4700892857 0.4709821429 0.4700892857 0.471875 0.4709821429 0.4808035714 0.471875 0.4700892857 
