0.319047619 0.3476190476 0.319047619 0.319047619 0.319047619 0.319047619 0.319047619 0.319047619 
0.3666666667 0.3761904762 0.3666666667 0.3761904762 0.3761904762 0.3666666667 0.3666666667 0.3666666667 
0.3619047619 0.380952381 0.3619047619 0.380952381 0.3714285714 0.3714285714 0.3619047619 0.3619047619 
0.4047619048 0.4238095238 0.4047619048 0.4238095238 0.4333333333 0.4047619048 0.4047619048 0.4047619048 
0.3476190476 0.3857142857 0.3761904762 0.3476190476 0.3476190476 0.3476190476 0.3476190476 0.3476190476 
0.3571428571 0.3952380952 0.3571428571 0.3571428571 0.3571428571 0.3571428571 0.3571428571 0.3571428571 
0.3428571429 0.3619047619 0.3428571429 0.3428571429 0.3428571429 0.3523809524 0.3523809524 0.3428571429 
0.3238095238 0.3428571429 0.3428571429 0.3428571429 0.3428571429 0.3428571429 0.3428571429 0.3428571429 
0.380952381 0.4 0.3904761905 0.380952381 0.380952381 0.4095238095 0.380952381 0.380952381 
0.3714285714 0.3904761905 0.380952381 0.3714285714 0.3714285714 0.3714285714 0.3714285714 0.3714285714 
0.419047619 0.4285714286 0.419047619 0.4380952381 0.4476190476 0.4380952381 0.4380952381 0.419047619 
0.4047619048 0.4333333333 0.4333333333 0.4333333333 0.4523809524 0.4333333333 0.4142857143 0.4142857143 
0.3952380952 0.3952380952 0.3952380952 0.4333333333 0.4238095238 0.4142857143 0.4142857143 0.3952380952 
0.3952380952 0.4047619048 0.3952380952 0.3952380952 0.3952380952 0.3952380952 0.3952380952 0.3952380952 
0.380952381 0.4095238095 0.4095238095 0.3904761905 0.380952381 0.3904761905 0.380952381 0.380952381 
0.4047619048 0.4333333333 0.4047619048 0.4238095238 0.4238095238 0.4047619048 0.4047619048 0.4047619048 
0.3571428571 0.3952380952 0.3666666667 0.3666666667 0.3761904762 0.3761904762 0.3571428571 0.3571428571 
0.3666666667 0.3666666667 0.3666666667 0.3666666667 0.3666666667 0.3666666667 0.3666666667 0.3666666667 
0.3047619048 0.3238095238 0.3047619048 0.3047619048 0.3047619048 0.3047619048 0.3047619048 0.3047619048 
0.4285714286 0.4476190476 0.4285714286 0.4761904762 0.4761904762 0.4380952381 0.4380952381 0.4285714286 
0.380952381 0.3904761905 0.380952381 0.380952381 0.380952381 0.380952381 0.380952381 0.380952381 
0.3619047619 0.380952381 0.380952381 0.3619047619 0.3619047619 0.3619047619 0.3619047619 0.3619047619 
0.419047619 0.4571428571 0.4476190476 0.419047619 0.419047619 0.4476190476 0.4476190476 0.419047619 
0.3904761905 0.4 0.3904761905 0.3904761905 0.4 0.4 0.4 0.3904761905 
0.3142857143 0.3238095238 0.3142857143 0.3142857143 0.3142857143 0.3142857143 0.3142857143 0.3142857143 
0.3571428571 0.3761904762 0.3571428571 0.3571428571 0.3571428571 0.3571428571 0.3571428571 0.3571428571 
0.3619047619 0.4095238095 0.3619047619 0.3619047619 0.3619047619 0.3619047619 0.3619047619 0.3619047619 
0.4238095238 0.4333333333 0.4238095238 0.4238095238 0.4238095238 0.4333333333 0.4333333333 0.4238095238 
0.3666666667 0.3761904762 0.3666666667 0.3761904762 0.3761904762 0.3761904762 0.3666666667 0.3666666667 
0.3523809524 0.3904761905 0.3523809524 0.3523809524 0.3523809524 0.3523809524 0.3523809524 0.3523809524 
0.3619047619 0.4095238095 0.5904761905 0.180952381 0.1904761905 0.1142857143 0.1142857143 0.1142857143 
0.3904761905 0.419047619 0.3904761905 0.3904761905 0.3904761905 0.419047619 0.4 0.3904761905 
0.4285714286 0.4380952381 0.4380952381 0.4380952381 0.4380952381 0.4476190476 0.4761904762 0.4380952381 
0.3857142857 0.4047619048 0.3857142857 0.3857142857 0.3857142857 0.3952380952 0.3952380952 0.3857142857 
