0.4470238095 0.4541666667 0.4482142857 0.4470238095 0.4470238095 0.4470238095 0.4470238095 0.4470238095 
0.4458333333 0.4505952381 0.4470238095 0.4505952381 0.4470238095 0.4494047619 0.4494047619 0.4470238095 
0.4595238095 0.469047619 0.4595238095 0.4642857143 0.4642857143 0.4619047619 0.4678571429 0.4595238095 
0.4392857143 0.4428571429 0.4392857143 0.4392857143 0.4392857143 0.4428571429 0.4452380952 0.4392857143 
0.4327380952 0.4363095238 0.4351190476 0.4339285714 0.4351190476 0.4339285714 0.4351190476 0.4339285714 
0.4511904762 0.4583333333 0.4571428571 0.4654761905 0.4654761905 0.4607142857 0.4607142857 0.4571428571 
0.4607142857 0.4678571429 0.4642857143 0.4666666667 0.4714285714 0.4619047619 0.4607142857 0.4607142857 
0.4482142857 0.4529761905 0.4482142857 0.4482142857 0.4482142857 0.4541666667 0.4541666667 0.4482142857 
0.4678571429 0.4761904762 0.4738095238 0.4702380952 0.4702380952 0.4714285714 0.4702380952 0.4702380952 
0.4601190476 0.4660714286 0.4791666667 0.4708333333 0.4660714286 0.4648809524 0.4648809524 0.4648809524 
0.425 0.4345238095 0.4345238095 0.425 0.425 0.4345238095 0.425 0.425 
0.4660714286 0.4696428571 0.4708333333 0.4755952381 0.4755952381 0.468452381 0.4696428571 0.468452381 
0.4642857143 0.4761904762 0.4642857143 0.4785714286 0.475 0.4892857143 0.4892857143 0.4642857143 
0.4529761905 0.4577380952 0.4541666667 0.4541666667 0.4541666667 0.4648809524 0.4660714286 0.4541666667 
0.4446428571 0.4517857143 0.4446428571 0.4505952381 0.4553571429 0.4541666667 0.4541666667 0.4446428571 
0.4589285714 0.4696428571 0.4613095238 0.4625 0.4636904762 0.4613095238 0.4636904762 0.4613095238 
0.4648809524 0.4708333333 0.4708333333 0.4863095238 0.4922619048 0.4898809524 0.4791666667 0.4708333333 
0.4529761905 0.4589285714 0.4541666667 0.4529761905 0.4529761905 0.4553571429 0.4553571429 0.4529761905 
0.4553571429 0.4613095238 0.4601190476 0.4553571429 0.4672619048 0.4601190476 0.4553571429 0.4553571429 
0.4571428571 0.4619047619 0.4619047619 0.469047619 0.469047619 0.4595238095 0.4595238095 0.4595238095 
0.4428571429 0.4476190476 0.4428571429 0.4428571429 0.4428571429 0.4428571429 0.4428571429 0.4428571429 
0.456547619 0.4613095238 0.4577380952 0.4601190476 0.4613095238 0.4648809524 0.4636904762 0.4577380952 
0.4571428571 0.4630952381 0.4607142857 0.4583333333 0.4583333333 0.4642857143 0.4595238095 0.4583333333 
0.4410714286 0.4505952381 0.4410714286 0.4446428571 0.4446428571 0.4458333333 0.4422619048 0.4410714286 
0.4595238095 0.4654761905 0.4619047619 0.4630952381 0.4702380952 0.4607142857 0.4595238095 0.4595238095 
0.45 0.4630952381 0.4511904762 0.45 0.45 0.4511904762 0.4511904762 0.45 
0.4410714286 0.4494047619 0.4446428571 0.4410714286 0.4410714286 0.4446428571 0.4410714286 0.4410714286 
0.4238095238 0.4345238095 0.4238095238 0.4238095238 0.4238095238 0.4238095238 0.4238095238 0.4238095238 
0.4345238095 0.4416666667 0.4380952381 0.4345238095 0.4345238095 0.4380952381 0.4345238095 0.4345238095 
0.418452381 0.4291666667 0.4208333333 0.4208333333 0.4220238095 0.4244047619 0.4208333333 0.4208333333 
