0.4277777778 0.4277777778 0.4277777778 0.4277777778 0.4277777778 0.4277777778 0.4277777778 0.4277777778 
0.4388888889 0.4388888889 0.4388888889 0.4388888889 0.4388888889 0.4388888889 0.4388888889 0.4388888889 
0.3777777778 0.3777777778 0.3777777778 0.3777777778 0.3777777778 0.3777777778 0.3777777778 0.3777777778 
0.4166666667 0.4166666667 0.4166666667 0.4166666667 0.4166666667 0.4166666667 0.4166666667 0.4166666667 
0.45 0.45 0.45 0.45 0.45 0.45 0.45 0.45 
0.4555555556 0.4555555556 0.4555555556 0.4555555556 0.4555555556 0.4555555556 0.4555555556 0.4555555556 
0.4611111111 0.4611111111 0.4611111111 0.4611111111 0.4611111111 0.4611111111 0.4611111111 0.4611111111 
0.4888888889 0.4888888889 0.4888888889 0.5 0.5 0.4888888889 0.4888888889 0.4888888889 
0.3777777778 0.3777777778 0.3777777778 0.3777777778 0.3777777778 0.3777777778 0.3777777778 0.3777777778 
0.4555555556 0.4555555556 0.4555555556 0.4555555556 0.4555555556 0.4555555556 0.4555555556 0.4555555556 
0.4444444444 0.4444444444 0.4444444444 0.4444444444 0.4444444444 0.4444444444 0.4444444444 0.4444444444 
0.4833333333 0.4833333333 0.4833333333 0.4833333333 0.4833333333 0.4833333333 0.4833333333 0.4833333333 
0.4666666667 0.4666666667 0.4666666667 0.4666666667 0.4666666667 0.4666666667 0.4666666667 0.4666666667 
0.4888888889 0.4888888889 0.4888888889 0.4888888889 0.4888888889 0.4888888889 0.4888888889 0.4888888889 
0.4666666667 0.4666666667 0.4666666667 0.4666666667 0.4666666667 0.4666666667 0.4666666667 0.4666666667 
0.45 0.45 0.45 0.45 0.45 0.45 0.45 0.45 
0.4222222222 0.4222222222 0.4222222222 0.4222222222 0.4222222222 0.4222222222 0.4222222222 0.4222222222 
0.4777777778 0.4777777778 0.5 0.4777777778 0.5 0.4777777778 0.5 0.4777777778 
0.4166666667 0.4166666667 0.4166666667 0.4166666667 0.4166666667 0.4166666667 0.4166666667 0.4166666667 
0.45 0.45 0.45 0.45 0.45 0.45 0.45 0.45 
0.4333333333 0.4333333333 0.4333333333 0.4333333333 0.4333333333 0.4333333333 0.4333333333 0.4333333333 
0.4611111111 0.4611111111 0.4611111111 0.4611111111 0.4611111111 0.4611111111 0.4611111111 0.4611111111 
0.4444444444 0.4444444444 0.4444444444 0.4444444444 0.4444444444 0.4444444444 0.4444444444 0.4444444444 
0.4777777778 0.4777777778 0.4777777778 0.4777777778 0.4777777778 0.5111111111 0.4777777778 0.4777777778 
0.4611111111 0.4611111111 0.4611111111 0.4611111111 0.4611111111 0.4611111111 0.4611111111 0.4611111111 
0.4444444444 0.4444444444 0.4444444444 0.4444444444 0.4444444444 0.4444444444 0.4444444444 0.4444444444 
0.4611111111 0.4611111111 0.4611111111 0.4611111111 0.4611111111 0.4611111111 0.4611111111 0.4611111111 
0.4722222222 0.4722222222 0.4722222222 0.4722222222 0.4722222222 0.4722222222 0.4722222222 0.4722222222 
0.4555555556 0.4555555556 0.4555555556 0.4555555556 0.4555555556 0.4555555556 0.4555555556 0.4555555556 
0.4666666667 0.4666666667 0.4666666667 0.4666666667 0.4666666667 0.4666666667 0.4666666667 0.4666666667 
0.4722222222 0.4722222222 0.5277777778 0.4722222222 0.5055555556 0.3388888889 0.3388888889 0.3388888889 
0.4666666667 0.4666666667 0.4666666667 0.4666666667 0.4666666667 0.4666666667 0.4666666667 0.4666666667 
0.45 0.45 0.45 0.45 0.45 0.45 0.45 0.45 
0.4166666667 0.4166666667 0.4166666667 0.4166666667 0.4166666667 0.4166666667 0.4166666667 0.4166666667 
