0.4071428571 0.4214285714 0.4107142857 0.4071428571 0.4071428571 0.4142857143 0.4107142857 0.4071428571 
0.4303571429 0.4446428571 0.4303571429 0.4375 0.4375 0.4303571429 0.4303571429 0.4303571429 
0.4017857143 0.4017857143 0.4017857143 0.4017857143 0.4017857143 0.4160714286 0.4125 0.4017857143 
0.4196428571 0.4232142857 0.4232142857 0.4303571429 0.4375 0.4375 0.4196428571 0.4196428571 
0.4 0.425 0.4178571429 0.4071428571 0.4107142857 0.4071428571 0.4 0.4 
0.425 0.425 0.4285714286 0.425 0.4285714286 0.4321428571 0.4321428571 0.425 
0.3892857143 0.4107142857 0.4178571429 0.4 0.4178571429 0.3892857143 0.3964285714 0.3892857143 
0.3928571429 0.4035714286 0.3928571429 0.3964285714 0.3964285714 0.3964285714 0.3964285714 0.3928571429 
0.3821428571 0.4107142857 0.3821428571 0.3821428571 0.3821428571 0.3892857143 0.3857142857 0.3821428571 
0.4196428571 0.4303571429 0.4267857143 0.4232142857 0.4232142857 0.4303571429 0.4196428571 0.4196428571 
0.4482142857 0.4589285714 0.4517857143 0.4517857143 0.4517857143 0.4660714286 0.4482142857 0.4482142857 
0.4428571429 0.4571428571 0.45 0.4571428571 0.4428571429 0.4428571429 0.4428571429 0.4428571429 
0.4053571429 0.4267857143 0.4125 0.4089285714 0.4125 0.4125 0.4053571429 0.4053571429 
0.4035714286 0.4107142857 0.4071428571 0.4214285714 0.4214285714 0.4178571429 0.4178571429 0.4071428571 
0.4232142857 0.4303571429 0.4303571429 0.4267857143 0.4267857143 0.4232142857 0.4232142857 0.4232142857 
0.4178571429 0.4214285714 0.4178571429 0.4285714286 0.4285714286 0.4214285714 0.4214285714 0.4178571429 
0.4214285714 0.4285714286 0.425 0.425 0.425 0.425 0.425 0.425 
0.3910714286 0.3982142857 0.3910714286 0.4089285714 0.4089285714 0.3910714286 0.3910714286 0.3910714286 
0.4196428571 0.4267857143 0.4339285714 0.4196428571 0.4196428571 0.4267857143 0.4267857143 0.4196428571 
0.4553571429 0.4660714286 0.4589285714 0.4589285714 0.4660714286 0.4625 0.4625 0.4589285714 
0.3714285714 0.3857142857 0.3714285714 0.3714285714 0.3714285714 0.3714285714 0.3714285714 0.3714285714 
0.3785714286 0.4142857143 0.3892857143 0.3892857143 0.3964285714 0.3964285714 0.3785714286 0.3785714286 
0.4285714286 0.4464285714 0.4285714286 0.4464285714 0.4428571429 0.4428571429 0.4428571429 0.4285714286 
0.4339285714 0.4553571429 0.4410714286 0.4589285714 0.4589285714 0.4375 0.4339285714 0.4339285714 
0.4464285714 0.45 0.4464285714 0.4464285714 0.4464285714 0.4464285714 0.4464285714 0.4464285714 
0.4125 0.4267857143 0.4160714286 0.4196428571 0.4267857143 0.4196428571 0.4196428571 0.4160714286 
0.4196428571 0.4267857143 0.4267857143 0.4375 0.4196428571 0.4196428571 0.4196428571 0.4196428571 
0.4214285714 0.4392857143 0.4214285714 0.4214285714 0.4214285714 0.4214285714 0.4214285714 0.4214285714 
0.3982142857 0.4196428571 0.4017857143 0.4232142857 0.4196428571 0.3982142857 0.3982142857 0.3982142857 
0.4375 0.4589285714 0.4375 0.4375 0.4375 0.4375 0.4375 0.4375 
