0.4517006803 0.4585034014 0.4653061224 0.4544217687 0.4544217687 0.4585034014 0.4585034014 0.4544217687 
0.4421768707 0.4462585034 0.4421768707 0.4421768707 0.4421768707 0.4421768707 0.4421768707 0.4421768707 
0.4714285714 0.4795918367 0.4768707483 0.4727891156 0.4727891156 0.4714285714 0.4714285714 0.4714285714 
0.4414965986 0.4496598639 0.4414965986 0.4455782313 0.4482993197 0.4442176871 0.4414965986 0.4414965986 
0.4585034014 0.4598639456 0.4585034014 0.4585034014 0.4585034014 0.4585034014 0.4585034014 0.4585034014 
0.4557823129 0.4598639456 0.4571428571 0.4598639456 0.4653061224 0.4571428571 0.4571428571 0.4571428571 
0.4489795918 0.4585034014 0.4489795918 0.4557823129 0.4503401361 0.4503401361 0.4503401361 0.4489795918 
0.4605442177 0.4741496599 0.4619047619 0.4782312925 0.4700680272 0.4619047619 0.4605442177 0.4605442177 
0.4231292517 0.4272108844 0.4285714286 0.4231292517 0.4231292517 0.4285714286 0.4231292517 0.4231292517 
0.4455782313 0.4510204082 0.4455782313 0.4455782313 0.4455782313 0.4455782313 0.4455782313 0.4455782313 
0.4551020408 0.456462585 0.4551020408 0.4551020408 0.4551020408 0.4578231293 0.4551020408 0.4551020408 
0.4544217687 0.4612244898 0.4544217687 0.4612244898 0.4612244898 0.4544217687 0.4544217687 0.4544217687 
0.4462585034 0.4544217687 0.4462585034 0.4530612245 0.4557823129 0.4476190476 0.4476190476 0.4462585034 
0.4782312925 0.480952381 0.4795918367 0.4795918367 0.4945578231 0.480952381 0.480952381 0.4795918367 
0.4646258503 0.4673469388 0.4700680272 0.4727891156 0.4727891156 0.4714285714 0.4646258503 0.4646258503 
0.456462585 0.4632653061 0.456462585 0.4591836735 0.4619047619 0.4578231293 0.456462585 0.456462585 
0.4523809524 0.4523809524 0.4523809524 0.4537414966 0.4537414966 0.4537414966 0.4523809524 0.4523809524 
0.4421768707 0.4462585034 0.4462585034 0.4462585034 0.4448979592 0.4448979592 0.4462585034 0.4448979592 
0.4714285714 0.4727891156 0.4918367347 0.4755102041 0.4904761905 0.4795918367 0.4755102041 0.4727891156 
0.4632653061 0.4673469388 0.4632653061 0.4632653061 0.4632653061 0.4632653061 0.4632653061 0.4632653061 
0.4517006803 0.4585034014 0.4517006803 0.4517006803 0.4517006803 0.4598639456 0.4517006803 0.4517006803 
0.4510204082 0.4591836735 0.4537414966 0.4551020408 0.4551020408 0.4510204082 0.4523809524 0.4510204082 
0.4585034014 0.4653061224 0.4612244898 0.4612244898 0.4639455782 0.4612244898 0.4639455782 0.4612244898 
0.4632653061 0.4714285714 0.4632653061 0.468707483 0.4741496599 0.4673469388 0.4632653061 0.4632653061 
0.4503401361 0.4571428571 0.4503401361 0.4503401361 0.4503401361 0.4503401361 0.4503401361 0.4503401361 
0.4285714286 0.4380952381 0.4285714286 0.4285714286 0.4285714286 0.4394557823 0.4394557823 0.4285714286 
0.4462585034 0.4489795918 0.4571428571 0.4462585034 0.4462585034 0.4476190476 0.4476190476 0.4462585034 
0.4551020408 0.4605442177 0.4551020408 0.4551020408 0.4551020408 0.4551020408 0.4551020408 0.4551020408 
0.4557823129 0.4598639456 0.4557823129 0.4557823129 0.4557823129 0.4557823129 0.4557823129 0.4557823129 
0.4414965986 0.4496598639 0.4428571429 0.4414965986 0.4414965986 0.4414965986 0.4414965986 0.4414965986 
