0.4595238095 0.4658730159 0.4611111111 0.4626984127 0.4611111111 0.4642857143 0.4642857143 0.4611111111 
0.4753968254 0.476984127 0.4753968254 0.4785714286 0.4801587302 0.4753968254 0.4753968254 0.4753968254 
0.446031746 0.4492063492 0.446031746 0.446031746 0.446031746 0.446031746 0.446031746 0.446031746 
0.4253968254 0.4317460317 0.4253968254 0.4253968254 0.4253968254 0.4253968254 0.4253968254 0.4253968254 
0.4373015873 0.4452380952 0.4373015873 0.4373015873 0.4373015873 0.4373015873 0.4373015873 0.4373015873 
0.4579365079 0.4611111111 0.4579365079 0.4579365079 0.4579365079 0.4579365079 0.4579365079 0.4579365079 
0.419047619 0.4206349206 0.419047619 0.4206349206 0.419047619 0.4206349206 0.419047619 0.419047619 
0.4579365079 0.4611111111 0.4579365079 0.4579365079 0.4579365079 0.4579365079 0.4579365079 0.4579365079 
0.4412698413 0.4492063492 0.4412698413 0.4412698413 0.4412698413 0.4412698413 0.4412698413 0.4412698413 
0.4396825397 0.446031746 0.4428571429 0.4428571429 0.4396825397 0.4396825397 0.4428571429 0.4396825397 
0.45 0.4563492063 0.4563492063 0.4547619048 0.4563492063 0.4611111111 0.4611111111 0.4547619048 
0.4428571429 0.4444444444 0.4428571429 0.4428571429 0.453968254 0.4444444444 0.446031746 0.4428571429 
0.4563492063 0.4579365079 0.4579365079 0.4579365079 0.4626984127 0.4579365079 0.4563492063 0.4563492063 
0.4666666667 0.4682539683 0.4666666667 0.4682539683 0.4682539683 0.4682539683 0.4666666667 0.4666666667 
0.4634920635 0.4682539683 0.473015873 0.4634920635 0.4650793651 0.4746031746 0.473015873 0.4634920635 
0.4301587302 0.4412698413 0.4301587302 0.4301587302 0.4301587302 0.4301587302 0.4301587302 0.4301587302 
0.4714285714 0.4714285714 0.480952381 0.4825396825 0.4793650794 0.4714285714 0.4746031746 0.4714285714 
0.4555555556 0.4571428571 0.4555555556 0.4555555556 0.4555555556 0.4571428571 0.4571428571 0.4555555556 
0.4825396825 0.4873015873 0.4825396825 0.4857142857 0.4873015873 0.4825396825 0.4825396825 0.4825396825 
0.4301587302 0.4396825397 0.4333333333 0.4412698413 0.4507936508 0.4555555556 0.4333333333 0.4333333333 
0.4674603175 0.476984127 0.4706349206 0.4674603175 0.4674603175 0.4674603175 0.4674603175 0.4674603175 
0.4563492063 0.4611111111 0.4563492063 0.4563492063 0.4563492063 0.4595238095 0.4563492063 0.4563492063 
0.4547619048 0.4595238095 0.4547619048 0.4547619048 0.4547619048 0.4547619048 0.4547619048 0.4547619048 
0.419047619 0.4253968254 0.419047619 0.419047619 0.419047619 0.419047619 0.419047619 0.419047619 
0.4619047619 0.4650793651 0.4619047619 0.4619047619 0.4619047619 0.4761904762 0.4634920635 0.4619047619 
0.4658730159 0.4674603175 0.4674603175 0.4722222222 0.4658730159 0.4738095238 0.4738095238 0.4658730159 
0.4301587302 0.4333333333 0.4349206349 0.4317460317 0.4301587302 0.4317460317 0.4301587302 0.4301587302 
0.4222222222 0.4301587302 0.4222222222 0.4222222222 0.4222222222 0.4222222222 0.4222222222 0.4222222222 
0.4555555556 0.4603174603 0.4555555556 0.4555555556 0.4555555556 0.4571428571 0.4555555556 0.4555555556 
0.4484126984 0.4547619048 0.45 0.45 0.45 0.4484126984 0.4484126984 0.4484126984 
0.4468253968 0.45 0.4484126984 0.4468253968 0.4468253968 0.4484126984 0.4468253968 0.4468253968 
0.4420634921 0.4484126984 0.4484126984 0.4626984127 0.4484126984 0.4531746032 0.4484126984 0.4484126984 
0.4603174603 0.4682539683 0.4603174603 0.4634920635 0.4650793651 0.4603174603 0.4603174603 0.4603174603 
