0.4448979592 0.4469387755 0.4469387755 0.4489795918 0.4489795918 0.4520408163 0.4520408163 0.4469387755 
0.4341836735 0.4403061224 0.4341836735 0.437244898 0.4352040816 0.4341836735 0.437244898 0.4341836735 
0.4612244898 0.4673469388 0.4612244898 0.4653061224 0.4642857143 0.4612244898 0.4612244898 0.4612244898 
0.4571428571 0.4673469388 0.4571428571 0.4571428571 0.4571428571 0.4571428571 0.4571428571 0.4571428571 
0.4591836735 0.4724489796 0.462244898 0.4591836735 0.4591836735 0.462244898 0.462244898 0.4591836735 
0.4545918367 0.4617346939 0.4556122449 0.4556122449 0.4556122449 0.4586734694 0.4607142857 0.4556122449 
0.4668367347 0.468877551 0.4668367347 0.4709183673 0.4709183673 0.4709183673 0.4698979592 0.4668367347 
0.4571428571 0.4602040816 0.4602040816 0.4602040816 0.4602040816 0.4591836735 0.4571428571 0.4571428571 
0.4494897959 0.4586734694 0.4545918367 0.4607142857 0.4566326531 0.4494897959 0.4596938776 0.4494897959 
0.4551020408 0.4642857143 0.4612244898 0.4581632653 0.4581632653 0.4551020408 0.4551020408 0.4551020408 
0.4510204082 0.4571428571 0.4540816327 0.4520408163 0.4571428571 0.4683673469 0.4510204082 0.4510204082 
0.4464285714 0.4545918367 0.4464285714 0.4464285714 0.4464285714 0.4535714286 0.4464285714 0.4464285714 
0.4520408163 0.4642857143 0.4520408163 0.4520408163 0.4520408163 0.4540816327 0.4540816327 0.4520408163 
0.4653061224 0.4765306122 0.4714285714 0.4653061224 0.4714285714 0.4653061224 0.4714285714 0.4653061224 
0.4448979592 0.4520408163 0.4489795918 0.4530612245 0.4489795918 0.4489795918 0.4448979592 0.4448979592 
0.4505102041 0.4576530612 0.4505102041 0.4505102041 0.4505102041 0.4515306122 0.4515306122 0.4505102041 
0.4744897959 0.4765306122 0.4785714286 0.4785714286 0.4785714286 0.4765306122 0.4765306122 0.4765306122 
0.4551020408 0.4683673469 0.4551020408 0.4642857143 0.4571428571 0.4551020408 0.4551020408 0.4551020408 
0.4658163265 0.4698979592 0.4658163265 0.4709183673 0.4709183673 0.4668367347 0.4668367347 0.4658163265 
0.4535714286 0.4576530612 0.4576530612 0.4576530612 0.4576530612 0.4576530612 0.4535714286 0.4535714286 
0.4709183673 0.4780612245 0.475 0.4770408163 0.4770408163 0.4739795918 0.4739795918 0.4739795918 
0.4535714286 0.4596938776 0.4698979592 0.4607142857 0.4607142857 0.4566326531 0.4535714286 0.4535714286 
0.4581632653 0.462244898 0.4581632653 0.4612244898 0.4612244898 0.4704081633 0.4581632653 0.4581632653 
0.4693877551 0.4806122449 0.4693877551 0.4714285714 0.4724489796 0.4693877551 0.4693877551 0.4693877551 
0.4520408163 0.4530612245 0.4530612245 0.4540816327 0.4530612245 0.4530612245 0.4530612245 0.4530612245 
0.4540816327 0.4581632653 0.4540816327 0.4540816327 0.4540816327 0.4540816327 0.4540816327 0.4540816327 
0.4607142857 0.4678571429 0.4668367347 0.4647959184 0.4617346939 0.4637755102 0.4607142857 0.4607142857 
0.475 0.4760204082 0.4760204082 0.475 0.475 0.475 0.475 0.475 
0.4459183673 0.45 0.4489795918 0.4469387755 0.4489795918 0.4510204082 0.4489795918 0.4469387755 
0.4352040816 0.4464285714 0.4392857143 0.4362244898 0.437244898 0.4362244898 0.4362244898 0.4362244898 
