0.385 0.385 0.385 0.385 0.385 0.385 0.385 0.385 
0.4 0.4 0.4 0.4 0.4 0.42 0.4 0.4 
0.435 0.435 0.435 0.435 0.435 0.435 0.435 0.435 
0.41 0.41 0.41 0.42 0.41 0.41 0.41 0.41 
0.43 0.43 0.43 0.43 0.43 0.43 0.43 0.43 
0.44 0.44 0.44 0.44 0.44 0.44 0.44 0.44 
0.375 0.385 0.375 0.375 0.375 0.375 0.375 0.375 
0.43 0.43 0.43 0.43 0.43 0.43 0.43 0.43 
0.395 0.395 0.395 0.395 0.395 0.405 0.395 0.395 
0.45 0.45 0.45 0.45 0.45 0.48 0.48 0.45 
0.47 0.47 0.48 0.48 0.48 0.5 0.49 0.47 
0.4 0.41 0.41 0.4 0.4 0.41 0.4 0.4 
0.44 0.44 0.44 0.44 0.44 0.44 0.44 0.44 
0.385 0.385 0.385 0.385 0.385 0.385 0.385 0.385 
0.425 0.425 0.425 0.455 0.455 0.435 0.425 0.425 
0.405 0.405 0.405 0.445 0.445 0.435 0.405 0.405 
0.425 0.425 0.445 0.425 0.445 0.425 0.445 0.425 
0.425 0.425 0.425 0.425 0.435 0.425 0.435 0.425 
0.355 0.365 0.355 0.355 0.355 0.355 0.355 0.355 
0.43 0.43 0.44 0.44 0.44 0.43 0.43 0.43 
0.39 0.39 0.39 0.39 0.39 0.4 0.39 0.39 
0.435 0.445 0.445 0.435 0.435 0.445 0.445 0.435 
0.42 0.43 0.42 0.42 0.42 0.46 0.42 0.42 
0.31 0.31 0.31 0.31 0.31 0.31 0.31 0.31 
0.415 0.415 0.415 0.415 0.415 0.415 0.415 0.415 
0.4 0.4 0.4 0.41 0.41 0.41 0.4 0.4 
0.385 0.385 0.385 0.385 0.385 0.385 0.385 0.385 
0.41 0.41 0.41 0.41 0.41 0.41 0.41 0.41 
0.405 0.405 0.405 0.405 0.405 0.405 0.405 0.405 
0.41 0.41 0.41 0.41 0.41 0.42 0.41 0.41 
