0.444047619 0.455952381 0.444047619 0.4535714286 0.4511904762 0.444047619 0.4464285714 0.444047619 
0.4571428571 0.4761904762 0.4857142857 0.4642857143 0.4642857143 0.4738095238 0.4571428571 0.4571428571 
0.4630952381 0.4630952381 0.475 0.4797619048 0.4797619048 0.4678571429 0.4630952381 0.4630952381 
0.4678571429 0.475 0.4678571429 0.475 0.4773809524 0.4726190476 0.4773809524 0.4678571429 
0.4369047619 0.444047619 0.4369047619 0.4369047619 0.4369047619 0.4369047619 0.4369047619 0.4369047619 
0.455952381 0.4583333333 0.4583333333 0.4583333333 0.4702380952 0.4607142857 0.455952381 0.455952381 
0.4654761905 0.4678571429 0.4702380952 0.4654761905 0.4654761905 0.4654761905 0.4654761905 0.4654761905 
0.4476190476 0.4571428571 0.4571428571 0.4738095238 0.4571428571 0.4476190476 0.4571428571 0.4476190476 
0.4154761905 0.4273809524 0.4154761905 0.4202380952 0.4178571429 0.4154761905 0.4154761905 0.4154761905 
0.425 0.4273809524 0.425 0.425 0.425 0.425 0.425 0.425 
0.455952381 0.4630952381 0.455952381 0.4630952381 0.4678571429 0.455952381 0.4630952381 0.455952381 
0.4166666667 0.4285714286 0.4166666667 0.4166666667 0.4166666667 0.4166666667 0.4166666667 0.4166666667 
0.4642857143 0.469047619 0.4642857143 0.4642857143 0.4642857143 0.4642857143 0.4642857143 0.4642857143 
0.4357142857 0.4452380952 0.4357142857 0.4357142857 0.4357142857 0.4738095238 0.4738095238 0.4357142857 
0.444047619 0.4488095238 0.444047619 0.444047619 0.444047619 0.444047619 0.444047619 0.444047619 
0.4297619048 0.4369047619 0.4297619048 0.4297619048 0.4297619048 0.4345238095 0.4345238095 0.4297619048 
0.45 0.4523809524 0.4523809524 0.4738095238 0.4880952381 0.4666666667 0.4666666667 0.4523809524 
0.4678571429 0.4702380952 0.475 0.4797619048 0.4869047619 0.4726190476 0.4702380952 0.4702380952 
0.45 0.4547619048 0.45 0.4571428571 0.4571428571 0.45 0.45 0.45 
0.4345238095 0.4392857143 0.4392857143 0.4345238095 0.4345238095 0.4392857143 0.4345238095 0.4345238095 
0.4416666667 0.455952381 0.4464285714 0.4511904762 0.4416666667 0.444047619 0.4464285714 0.4416666667 
0.4130952381 0.4273809524 0.4130952381 0.4130952381 0.4130952381 0.4130952381 0.4130952381 0.4130952381 
0.4202380952 0.4297619048 0.4202380952 0.4202380952 0.4202380952 0.4202380952 0.4202380952 0.4202380952 
0.4333333333 0.4452380952 0.4333333333 0.4333333333 0.4333333333 0.4333333333 0.4333333333 0.4333333333 
0.469047619 0.4785714286 0.469047619 0.4761904762 0.4714285714 0.4714285714 0.469047619 0.469047619 
0.4202380952 0.4369047619 0.4202380952 0.4202380952 0.4202380952 0.4202380952 0.4202380952 0.4202380952 
0.455952381 0.4654761905 0.4726190476 0.4678571429 0.455952381 0.4654761905 0.455952381 0.455952381 
0.4130952381 0.425 0.4511904762 0.4321428571 0.4154761905 0.4154761905 0.4130952381 0.4130952381 
0.4476190476 0.4595238095 0.4547619048 0.4476190476 0.4476190476 0.4738095238 0.4476190476 0.4476190476 
0.45 0.45 0.45 0.4571428571 0.45 0.45 0.4571428571 0.45 
