0.45 0.4553571429 0.4553571429 0.4535714286 0.45 0.4535714286 0.4535714286 0.45 
0.4321428571 0.45 0.4321428571 0.4321428571 0.4321428571 0.45 0.45 0.4321428571 
0.4616071429 0.4741071429 0.4705357143 0.4616071429 0.4616071429 0.4616071429 0.4616071429 0.4616071429 
0.4321428571 0.4410714286 0.4321428571 0.4375 0.4321428571 0.4321428571 0.4339285714 0.4321428571 
0.4473214286 0.45625 0.4473214286 0.4473214286 0.4473214286 0.4526785714 0.4473214286 0.4473214286 
0.4589285714 0.4660714286 0.4589285714 0.4714285714 0.4696428571 0.4607142857 0.4607142857 0.4589285714 
0.4419642857 0.4473214286 0.4616071429 0.4580357143 0.4580357143 0.4455357143 0.45625 0.4455357143 
0.4125 0.4267857143 0.4125 0.4125 0.4125 0.4125 0.4125 0.4125 
0.4401785714 0.4508928571 0.4401785714 0.4455357143 0.4455357143 0.4491071429 0.4491071429 0.4401785714 
0.4473214286 0.4598214286 0.4473214286 0.4473214286 0.4473214286 0.4473214286 0.4473214286 0.4473214286 
0.4339285714 0.4464285714 0.4339285714 0.4464285714 0.4375 0.4375 0.4375 0.4339285714 
0.4419642857 0.4491071429 0.4508928571 0.4491071429 0.4526785714 0.44375 0.4473214286 0.44375 
0.45 0.4571428571 0.45 0.45 0.45 0.45 0.45 0.45 
0.4571428571 0.4678571429 0.4571428571 0.4732142857 0.4714285714 0.4589285714 0.4589285714 0.4571428571 
0.4107142857 0.4142857143 0.4178571429 0.4107142857 0.4107142857 0.4107142857 0.4107142857 0.4107142857 
0.4357142857 0.4482142857 0.4357142857 0.4482142857 0.4482142857 0.4410714286 0.4482142857 0.4357142857 
0.4089285714 0.4303571429 0.4089285714 0.4089285714 0.4089285714 0.4089285714 0.4089285714 0.4089285714 
0.4383928571 0.4383928571 0.4383928571 0.4401785714 0.44375 0.44375 0.44375 0.4383928571 
0.4383928571 0.4491071429 0.4383928571 0.4401785714 0.4383928571 0.4419642857 0.4401785714 0.4383928571 
0.4410714286 0.4446428571 0.4446428571 0.4446428571 0.4428571429 0.4446428571 0.4446428571 0.4428571429 
0.40625 0.4205357143 0.40625 0.4098214286 0.4223214286 0.40625 0.40625 0.40625 
0.4214285714 0.4375 0.4214285714 0.4214285714 0.4214285714 0.4267857143 0.4214285714 0.4214285714 
0.4267857143 0.4535714286 0.4357142857 0.4267857143 0.4267857143 0.4285714286 0.4285714286 0.4267857143 
0.43125 0.43125 0.43125 0.43125 0.43125 0.4348214286 0.4330357143 0.43125 
0.4482142857 0.4589285714 0.4535714286 0.4535714286 0.4482142857 0.4482142857 0.4482142857 0.4482142857 
0.4508928571 0.4526785714 0.4508928571 0.45625 0.4651785714 0.4508928571 0.4526785714 0.4508928571 
0.4410714286 0.45 0.4464285714 0.4517857143 0.4517857143 0.4571428571 0.4571428571 0.4464285714 
0.4401785714 0.4526785714 0.44375 0.4419642857 0.4508928571 0.4419642857 0.4419642857 0.4419642857 
0.41875 0.4258928571 0.41875 0.41875 0.4241071429 0.41875 0.41875 0.41875 
0.4 0.4125 0.4071428571 0.4 0.4 0.4 0.4 0.4 
0.4241071429 0.4294642857 0.4241071429 0.4241071429 0.4241071429 0.4241071429 0.4241071429 0.4241071429 
