0.426 0.426 0.426 0.426 0.426 0.438 0.426 0.426 
0.462 0.462 0.462 0.462 0.462 0.462 0.462 0.462 
0.47 0.47 0.47 0.47 0.47 0.47 0.47 0.47 
0.438 0.438 0.438 0.438 0.438 0.438 0.438 0.438 
0.44 0.44 0.44 0.44 0.44 0.44 0.44 0.44 
0.46 0.46 0.464 0.468 0.46 0.468 0.46 0.46 
0.446 0.45 0.446 0.466 0.466 0.446 0.446 0.446 
0.464 0.464 0.464 0.464 0.464 0.464 0.464 0.464 
0.458 0.458 0.458 0.458 0.458 0.458 0.458 0.458 
0.382 0.382 0.382 0.398 0.398 0.382 0.382 0.382 
0.444 0.444 0.444 0.444 0.444 0.444 0.444 0.444 
0.46 0.46 0.46 0.46 0.46 0.46 0.46 0.46 
0.448 0.448 0.448 0.448 0.448 0.448 0.448 0.448 
0.464 0.464 0.464 0.464 0.464 0.464 0.464 0.464 
0.448 0.456 0.448 0.456 0.472 0.48 0.48 0.448 
0.442 0.442 0.442 0.45 0.45 0.454 0.454 0.442 
0.446 0.446 0.446 0.446 0.446 0.446 0.446 0.446 
0.45 0.454 0.45 0.45 0.45 0.45 0.45 0.45 
0.432 0.432 0.448 0.448 0.436 0.448 0.436 0.432 
0.424 0.428 0.424 0.424 0.424 0.424 0.424 0.424 
0.444 0.448 0.444 0.444 0.444 0.444 0.444 0.444 
0.442 0.446 0.442 0.442 0.442 0.442 0.442 0.442 
0.462 0.462 0.462 0.462 0.462 0.462 0.462 0.462 
0.43 0.43 0.43 0.43 0.43 0.43 0.43 0.43 
0.422 0.422 0.422 0.422 0.422 0.422 0.422 0.422 
0.47 0.47 0.47 0.474 0.474 0.506 0.478 0.47 
0.43 0.446 0.43 0.43 0.43 0.43 0.43 0.43 
0.426 0.426 0.426 0.426 0.426 0.426 0.426 0.426 
0.426 0.426 0.426 0.426 0.426 0.426 0.426 0.426 
0.438 0.438 0.438 0.438 0.438 0.438 0.438 0.438 
0.448 0.448 0.552 0.512 0.528 0.354 0.184 0.184 
0.406 0.406 0.406 0.406 0.406 0.406 0.406 0.406 
0.422 0.422 0.422 0.422 0.422 0.422 0.422 0.422 
0.444 0.444 0.444 0.444 0.444 0.484 0.444 0.444 
