0.4466666667 0.4466666667 0.4466666667 0.4466666667 0.4466666667 0.4466666667 0.4466666667 0.4466666667 
0.44 0.44 0.44 0.44 0.44 0.44 0.44 0.44 
0.4533333333 0.4533333333 0.4533333333 0.4866666667 0.4866666667 0.4533333333 0.4533333333 0.4533333333 
0.4366666667 0.4366666667 0.4366666667 0.4366666667 0.4366666667 0.4366666667 0.4366666667 0.4366666667 
0.4566666667 0.4566666667 0.4566666667 0.5033333333 0.5033333333 0.4566666667 0.4566666667 0.4566666667 
0.4466666667 0.4466666667 0.4466666667 0.4466666667 0.4466666667 0.4466666667 0.4466666667 0.4466666667 
0.4566666667 0.4566666667 0.4566666667 0.4566666667 0.4566666667 0.4566666667 0.4566666667 0.4566666667 
0.46 0.46 0.46 0.4666666667 0.4733333333 0.4733333333 0.46 0.46 
0.45 0.45 0.45 0.47 0.47 0.4566666667 0.4566666667 0.45 
0.4333333333 0.4333333333 0.4333333333 0.4333333333 0.4333333333 0.4333333333 0.4333333333 0.4333333333 
0.46 0.46 0.4666666667 0.4666666667 0.48 0.46 0.4666666667 0.46 
0.46 0.46 0.46 0.4733333333 0.46 0.46 0.46 0.46 
0.4733333333 0.4733333333 0.4733333333 0.4733333333 0.4733333333 0.4733333333 0.4733333333 0.4733333333 
0.42 0.42 0.42 0.42 0.42 0.4466666667 0.4466666667 0.42 
0.45 0.45 0.45 0.45 0.45 0.45 0.45 0.45 
0.48 0.48 0.48 0.48 0.48 0.48 0.48 0.48 
0.4066666667 0.4066666667 0.4066666667 0.4066666667 0.4066666667 0.4066666667 0.4066666667 0.4066666667 
0.4433333333 0.4433333333 0.4433333333 0.4433333333 0.4433333333 0.4433333333 0.4433333333 0.4433333333 
0.43 0.43 0.43 0.43 0.43 0.43 0.43 0.43 
0.4766666667 0.4766666667 0.4766666667 0.4766666667 0.4766666667 0.4766666667 0.4766666667 0.4766666667 
0.4433333333 0.4433333333 0.4433333333 0.4433333333 0.4433333333 0.4433333333 0.4433333333 0.4433333333 
0.4433333333 0.4433333333 0.4433333333 0.4433333333 0.4433333333 0.4433333333 0.4433333333 0.4433333333 
0.44 0.44 0.44 0.44 0.44 0.44 0.44 0.44 
0.4466666667 0.4466666667 0.46 0.4533333333 0.4466666667 0.4533333333 0.4466666667 0.4466666667 
0.47 0.47 0.47 0.47 0.47 0.47 0.47 0.47 
0.45 0.45 0.45 0.45 0.45 0.47 0.47 0.45 
0.4366666667 0.4366666667 0.4366666667 0.4566666667 0.4566666667 0.4366666667 0.4366666667 0.4366666667 
0.4533333333 0.4533333333 0.4533333333 0.4533333333 0.4533333333 0.4533333333 0.4533333333 0.4533333333 
0.43 0.43 0.43 0.43 0.43 0.43 0.43 0.43 
0.4633333333 0.4633333333 0.4633333333 0.4633333333 0.4633333333 0.4633333333 0.4633333333 0.4633333333 
0.4633333333 0.4633333333 0.5366666667 0.5166666667 0.5166666667 0.2533333333 0.2533333333 0.2533333333 
0.43 0.43 0.43 0.4633333333 0.4366666667 0.43 0.4633333333 0.43 
0.4566666667 0.4566666667 0.4566666667 0.4566666667 0.4566666667 0.4566666667 0.4566666667 0.4566666667 
0.44 0.44 0.44 0.44 0.44 0.44 0.44 0.44 
