0.3666666667 0.3666666667 0.3666666667 0.3666666667 0.3666666667 0.3666666667 0.3666666667 0.3666666667 
0.4833333333 0.4833333333 0.4833333333 0.4833333333 0.4833333333 0.4833333333 0.4833333333 0.4833333333 
0.3833333333 0.3833333333 0.3833333333 0.3833333333 0.3833333333 0.3833333333 0.3833333333 0.3833333333 
0.4333333333 0.4333333333 0.4333333333 0.4333333333 0.4333333333 0.4333333333 0.4333333333 0.4333333333 
0.3833333333 0.3833333333 0.3833333333 0.3833333333 0.3833333333 0.3833333333 0.3833333333 0.3833333333 
0.4166666667 0.4166666667 0.4166666667 0.4166666667 0.4166666667 0.4166666667 0.4166666667 0.4166666667 
0.3666666667 0.3666666667 0.3666666667 0.3666666667 0.3666666667 0.3666666667 0.3666666667 0.3666666667 
0.4 0.4 0.4 0.4 0.4 0.4 0.4 0.4 
0.45 0.45 0.45 0.45 0.45 0.5166666667 0.45 0.45 
0.4166666667 0.4166666667 0.4166666667 0.4166666667 0.4166666667 0.4166666667 0.4166666667 0.4166666667 
0.4666666667 0.4666666667 0.4666666667 0.4666666667 0.4666666667 0.4666666667 0.4666666667 0.4666666667 
0.4 0.4 0.4 0.4 0.4 0.4 0.4 0.4 
0.45 0.45 0.45 0.45 0.45 0.45 0.45 0.45 
0.4166666667 0.4166666667 0.4166666667 0.4166666667 0.4166666667 0.4166666667 0.4166666667 0.4166666667 
0.45 0.45 0.45 0.45 0.45 0.45 0.45 0.45 
0.4166666667 0.4166666667 0.4166666667 0.4166666667 0.4166666667 0.4166666667 0.4166666667 0.4166666667 
0.35 0.35 0.35 0.35 0.35 0.35 0.35 0.35 
0.35 0.35 0.35 0.35 0.35 0.35 0.35 0.35 
0.2833333333 0.2833333333 0.2833333333 0.2833333333 0.2833333333 0.2833333333 0.2833333333 0.2833333333 
0.4166666667 0.4166666667 0.4166666667 0.4166666667 0.4166666667 0.4166666667 0.4166666667 0.4166666667 
0.3333333333 0.3333333333 0.3333333333 0.3333333333 0.3333333333 0.3333333333 0.3333333333 0.3333333333 
0.4666666667 0.4666666667 0.4666666667 0.4666666667 0.4666666667 0.4666666667 0.4666666667 0.4666666667 
0.3333333333 0.3333333333 0.3333333333 0.3333333333 0.3333333333 0.3333333333 0.3333333333 0.3333333333 
0.4166666667 0.4166666667 0.4166666667 0.4166666667 0.4166666667 0.4166666667 0.4166666667 0.4166666667 
0.4666666667 0.4666666667 0.4666666667 0.4666666667 0.4666666667 0.5 0.4666666667 0.4666666667 
0.5 0.5 0.5 0.5 0.5 0.5 0.5 0.5 
0.4166666667 0.4166666667 0.4166666667 0.4166666667 0.4166666667 0.4166666667 0.4166666667 0.4166666667 
0.4 0.4 0.4 0.4 0.4 0.4 0.4 0.4 
0.4166666667 0.4166666667 0.4166666667 0.4166666667 0.4166666667 0.4166666667 0.4166666667 0.4166666667 
0.3666666667 0.3666666667 0.3666666667 0.3666666667 0.3666666667 0.3666666667 0.3666666667 0.3666666667 
0.4166666667 0.4166666667 0.5833333333 0.45 0.4166666667 0.2833333333 0.2833333333 0.2833333333 
0.45 0.45 0.45 0.45 0.45 0.45 0.45 0.45 
0.3666666667 0.3666666667 0.3666666667 0.3666666667 0.3666666667 0.3666666667 0.3666666667 0.3666666667 
0.5 0.5 0.5 0.5 0.5 0.5 0.5 0.5 
