0.46 0.46 0.46 0.465 0.465 0.47 0.465 0.46 
0.46125 0.46125 0.46125 0.46875 0.46625 0.46125 0.46125 0.46125 
0.4375 0.4375 0.4375 0.4375 0.4375 0.4375 0.4375 0.4375 
0.44375 0.44375 0.44375 0.44375 0.44375 0.44625 0.44625 0.44375 
0.46875 0.46875 0.46875 0.46875 0.46875 0.46875 0.46875 0.46875 
0.4525 0.4525 0.4525 0.4725 0.455 0.455 0.4525 0.4525 
0.46875 0.46875 0.47125 0.46875 0.46875 0.46875 0.46875 0.46875 
0.4475 0.4475 0.4475 0.4475 0.4475 0.4475 0.4475 0.4475 
0.4475 0.4475 0.4475 0.4475 0.4475 0.4475 0.4475 0.4475 
0.435 0.435 0.435 0.4375 0.4375 0.435 0.435 0.435 
0.4525 0.455 0.4525 0.4525 0.4525 0.4525 0.4525 0.4525 
0.45875 0.45875 0.45875 0.45875 0.45875 0.45875 0.45875 0.45875 
0.44875 0.44875 0.44875 0.44875 0.44875 0.44875 0.44875 0.44875 
0.455 0.455 0.455 0.455 0.455 0.455 0.455 0.455 
0.46125 0.46125 0.46125 0.47125 0.47125 0.47125 0.47125 0.46125 
0.46 0.46 0.46 0.46 0.46 0.4725 0.46 0.46 
0.44625 0.44625 0.44625 0.44625 0.44625 0.44625 0.44625 0.44625 
0.46125 0.46125 0.46125 0.47125 0.47125 0.47125 0.47125 0.46125 
0.45375 0.45375 0.45375 0.45375 0.45375 0.45375 0.45375 0.45375 
0.43625 0.43625 0.43625 0.43625 0.43625 0.43625 0.43625 0.43625 
0.4525 0.4525 0.4525 0.46 0.4925 0.4525 0.4525 0.4525 
0.4425 0.4425 0.4425 0.4425 0.4425 0.4425 0.4425 0.4425 
0.46625 0.46875 0.46625 0.47625 0.47125 0.47125 0.47125 0.46625 
0.465 0.465 0.465 0.4725 0.4775 0.465 0.465 0.465 
0.4425 0.4425 0.4425 0.4425 0.4425 0.4425 0.4425 0.4425 
0.44 0.44 0.44 0.44 0.44 0.44 0.44 0.44 
0.4575 0.4575 0.4575 0.4575 0.4575 0.4575 0.4575 0.4575 
0.47875 0.47875 0.47875 0.50625 0.50625 0.47875 0.47875 0.47875 
0.465 0.4675 0.4675 0.4725 0.4725 0.4675 0.465 0.465 
0.45625 0.45625 0.45625 0.45625 0.45625 0.45625 0.45625 0.45625 
0.45375 0.45375 0.54625 0.52375 0.53125 0.3525 0.19125 0.19125 
0.4475 0.4475 0.4475 0.4475 0.4475 0.4475 0.4475 0.4475 
0.4475 0.4475 0.4475 0.4575 0.4575 0.4575 0.4475 0.4475 
0.44375 0.44375 0.44375 0.44375 0.44375 0.44375 0.44375 0.44375 
