0.428 0.436 0.428 0.428 0.428 0.428 0.428 0.428 
0.44 0.4453333333 0.44 0.44 0.44 0.44 0.44 0.44 
0.4386666667 0.4386666667 0.444 0.4493333333 0.4546666667 0.4386666667 0.444 0.4386666667 
0.428 0.4333333333 0.428 0.436 0.436 0.436 0.436 0.428 
0.3973333333 0.4026666667 0.3973333333 0.3973333333 0.3973333333 0.3973333333 0.3973333333 0.3973333333 
0.432 0.44 0.4373333333 0.4373333333 0.4373333333 0.432 0.432 0.432 
0.4533333333 0.456 0.4533333333 0.4533333333 0.4533333333 0.4586666667 0.4613333333 0.4533333333 
0.452 0.452 0.452 0.452 0.452 0.452 0.452 0.452 
0.4253333333 0.428 0.4253333333 0.4253333333 0.4253333333 0.4386666667 0.4253333333 0.4253333333 
0.4186666667 0.4213333333 0.4186666667 0.4186666667 0.4186666667 0.4213333333 0.4186666667 0.4186666667 
0.4546666667 0.46 0.4546666667 0.4546666667 0.4546666667 0.468 0.4546666667 0.4546666667 
0.4106666667 0.4133333333 0.4106666667 0.4106666667 0.4106666667 0.4106666667 0.4106666667 0.4106666667 
0.4386666667 0.4386666667 0.4386666667 0.4386666667 0.4386666667 0.4386666667 0.4386666667 0.4386666667 
0.4626666667 0.4626666667 0.4626666667 0.4626666667 0.4626666667 0.492 0.492 0.4626666667 
0.4466666667 0.452 0.46 0.4493333333 0.4493333333 0.4493333333 0.4493333333 0.4493333333 
0.416 0.424 0.416 0.416 0.416 0.416 0.416 0.416 
0.464 0.4666666667 0.464 0.4746666667 0.4666666667 0.4746666667 0.464 0.464 
0.4693333333 0.472 0.4693333333 0.4693333333 0.4693333333 0.472 0.4693333333 0.4693333333 
0.4506666667 0.456 0.4586666667 0.456 0.456 0.4506666667 0.4506666667 0.4506666667 
0.4373333333 0.4426666667 0.4373333333 0.4373333333 0.4373333333 0.4373333333 0.4373333333 0.4373333333 
0.46 0.4653333333 0.4626666667 0.4626666667 0.4626666667 0.4626666667 0.46 0.46 
0.4626666667 0.4626666667 0.4626666667 0.4626666667 0.4626666667 0.4733333333 0.4733333333 0.4626666667 
0.464 0.4693333333 0.464 0.464 0.464 0.464 0.464 0.464 
0.4733333333 0.476 0.4733333333 0.476 0.476 0.4733333333 0.4733333333 0.4733333333 
0.4346666667 0.4346666667 0.4346666667 0.4346666667 0.4346666667 0.4346666667 0.4346666667 0.4346666667 
0.44 0.4426666667 0.44 0.4426666667 0.4426666667 0.44 0.44 0.44 
0.4213333333 0.4266666667 0.4213333333 0.4213333333 0.4213333333 0.4213333333 0.4213333333 0.4213333333 
0.4386666667 0.4386666667 0.4386666667 0.4386666667 0.4386666667 0.4386666667 0.4386666667 0.4386666667 
0.4253333333 0.428 0.4306666667 0.4253333333 0.4306666667 0.4306666667 0.4253333333 0.4253333333 
0.4506666667 0.4506666667 0.4506666667 0.456 0.4666666667 0.4506666667 0.4506666667 0.4506666667 
