0.45 0.45 0.45 0.45 0.45 0.45 0.45 0.45 
0.4333333333 0.4333333333 0.4333333333 0.4333333333 0.4333333333 0.4333333333 0.4333333333 0.4333333333 
0.4166666667 0.4166666667 0.4166666667 0.4166666667 0.4166666667 0.4611111111 0.4611111111 0.4166666667 
0.4 0.4 0.4 0.4 0.4 0.4 0.4 0.4 
0.4388888889 0.4388888889 0.45 0.45 0.4388888889 0.45 0.45 0.4388888889 
0.4222222222 0.4222222222 0.4222222222 0.4222222222 0.4222222222 0.4222222222 0.4222222222 0.4222222222 
0.4 0.4 0.4 0.4 0.4 0.4 0.4 0.4 
0.4166666667 0.4166666667 0.4166666667 0.4166666667 0.4166666667 0.4166666667 0.4166666667 0.4166666667 
0.4222222222 0.4222222222 0.4222222222 0.4222222222 0.4222222222 0.4222222222 0.4222222222 0.4222222222 
0.4444444444 0.4444444444 0.4444444444 0.4666666667 0.4666666667 0.4444444444 0.4444444444 0.4444444444 
0.4277777778 0.4277777778 0.4277777778 0.4277777778 0.4277777778 0.4277777778 0.4277777778 0.4277777778 
0.4333333333 0.4333333333 0.4333333333 0.4333333333 0.4333333333 0.4555555556 0.4333333333 0.4333333333 
0.4166666667 0.4166666667 0.4166666667 0.4166666667 0.4277777778 0.4166666667 0.4277777778 0.4166666667 
0.4444444444 0.4444444444 0.4444444444 0.4444444444 0.4444444444 0.4666666667 0.4666666667 0.4444444444 
0.4222222222 0.4222222222 0.4222222222 0.4222222222 0.4222222222 0.4222222222 0.4222222222 0.4222222222 
0.45 0.45 0.45 0.45 0.45 0.45 0.45 0.45 
0.3722222222 0.3722222222 0.3722222222 0.3722222222 0.3722222222 0.3722222222 0.3722222222 0.3722222222 
0.4666666667 0.4666666667 0.4777777778 0.4666666667 0.4666666667 0.4666666667 0.4666666667 0.4666666667 
0.45 0.45 0.45 0.45 0.45 0.45 0.45 0.45 
0.45 0.4611111111 0.4611111111 0.45 0.45 0.4611111111 0.4611111111 0.45 
0.3888888889 0.3888888889 0.3888888889 0.4 0.4 0.4333333333 0.4333333333 0.3888888889 
0.4166666667 0.4166666667 0.4166666667 0.4166666667 0.4166666667 0.4166666667 0.4166666667 0.4166666667 
0.4555555556 0.4555555556 0.4555555556 0.4555555556 0.4555555556 0.4555555556 0.4555555556 0.4555555556 
0.4388888889 0.4388888889 0.4388888889 0.4388888889 0.4388888889 0.4388888889 0.4388888889 0.4388888889 
0.45 0.45 0.45 0.45 0.45 0.45 0.45 0.45 
0.4777777778 0.4777777778 0.4777777778 0.4777777778 0.4777777778 0.5 0.5 0.4777777778 
0.4111111111 0.4111111111 0.4111111111 0.4666666667 0.4666666667 0.4333333333 0.4333333333 0.4111111111 
0.4166666667 0.4166666667 0.4166666667 0.4166666667 0.4166666667 0.4166666667 0.4166666667 0.4166666667 
0.4055555556 0.4055555556 0.4055555556 0.4055555556 0.4055555556 0.4388888889 0.4388888889 0.4055555556 
0.4333333333 0.4333333333 0.4333333333 0.4333333333 0.4333333333 0.4777777778 0.4777777778 0.4333333333 
0.4444444444 0.4444444444 0.5555555556 0.4777777778 0.5 0.2666666667 0.2666666667 0.2666666667 
0.45 0.45 0.45 0.45 0.45 0.45 0.45 0.45 
0.45 0.45 0.45 0.45 0.45 0.45 0.45 0.45 
0.4388888889 0.4388888889 0.4388888889 0.4388888889 0.4388888889 0.4388888889 0.4388888889 0.4388888889 
