0.4611111111 0.4611111111 0.4611111111 0.4722222222 0.4722222222 0.4677777778 0.4677777778 0.4611111111 
0.4655555556 0.4655555556 0.47 0.4655555556 0.4744444444 0.4655555556 0.4655555556 0.4655555556 
0.4411111111 0.4411111111 0.4411111111 0.4411111111 0.4411111111 0.4411111111 0.4411111111 0.4411111111 
0.4477777778 0.4477777778 0.4477777778 0.4477777778 0.4477777778 0.4522222222 0.4522222222 0.4477777778 
0.4422222222 0.4422222222 0.4444444444 0.4444444444 0.4466666667 0.4466666667 0.4444444444 0.4422222222 
0.4488888889 0.4488888889 0.4488888889 0.4488888889 0.4488888889 0.4488888889 0.4488888889 0.4488888889 
0.4666666667 0.4666666667 0.4666666667 0.4666666667 0.4666666667 0.4688888889 0.4688888889 0.4666666667 
0.4511111111 0.4511111111 0.4511111111 0.4511111111 0.4511111111 0.4511111111 0.4511111111 0.4511111111 
0.4566666667 0.4566666667 0.4566666667 0.4566666667 0.4588888889 0.4588888889 0.4566666667 0.4566666667 
0.44 0.44 0.4422222222 0.44 0.4422222222 0.4422222222 0.4422222222 0.44 
0.4655555556 0.4655555556 0.4655555556 0.4766666667 0.4877777778 0.4655555556 0.4655555556 0.4655555556 
0.4611111111 0.4611111111 0.4611111111 0.4611111111 0.4611111111 0.4611111111 0.4611111111 0.4611111111 
0.4444444444 0.4444444444 0.4444444444 0.4444444444 0.4444444444 0.4466666667 0.4466666667 0.4444444444 
0.4688888889 0.4688888889 0.4866666667 0.4866666667 0.4688888889 0.4688888889 0.4866666667 0.4688888889 
0.4422222222 0.4422222222 0.4422222222 0.4422222222 0.4422222222 0.4422222222 0.4422222222 0.4422222222 
0.4666666667 0.4666666667 0.4666666667 0.4666666667 0.4666666667 0.4666666667 0.4666666667 0.4666666667 
0.4411111111 0.4411111111 0.4411111111 0.4411111111 0.4411111111 0.4411111111 0.4411111111 0.4411111111 
0.4644444444 0.4644444444 0.4644444444 0.4644444444 0.4644444444 0.4644444444 0.4644444444 0.4644444444 
0.4522222222 0.4544444444 0.4522222222 0.4522222222 0.4522222222 0.4522222222 0.4522222222 0.4522222222 
0.4422222222 0.4422222222 0.4422222222 0.4422222222 0.4422222222 0.4422222222 0.4422222222 0.4422222222 
0.4588888889 0.4588888889 0.4722222222 0.4588888889 0.4722222222 0.4588888889 0.4588888889 0.4588888889 
0.4522222222 0.4522222222 0.4522222222 0.4522222222 0.4522222222 0.4588888889 0.4588888889 0.4522222222 
0.4688888889 0.4688888889 0.4688888889 0.4688888889 0.4688888889 0.4688888889 0.4688888889 0.4688888889 
0.47 0.4722222222 0.4744444444 0.4722222222 0.4744444444 0.47 0.4722222222 0.47 
0.4444444444 0.4444444444 0.4444444444 0.4444444444 0.4444444444 0.4444444444 0.4444444444 0.4444444444 
0.4477777778 0.4477777778 0.4477777778 0.4477777778 0.4477777778 0.4477777778 0.4477777778 0.4477777778 
0.4588888889 0.4588888889 0.4588888889 0.4588888889 0.4588888889 0.4588888889 0.4588888889 0.4588888889 
0.4788888889 0.4855555556 0.4788888889 0.4788888889 0.4788888889 0.4855555556 0.4855555556 0.4788888889 
0.4311111111 0.4311111111 0.4311111111 0.4311111111 0.4311111111 0.4311111111 0.4311111111 0.4311111111 
0.4733333333 0.4733333333 0.48 0.48 0.4733333333 0.4733333333 0.4733333333 0.4733333333 
0.45 0.45 0.55 0.5211111111 0.5388888889 0.3555555556 0.1911111111 0.1911111111 
0.4488888889 0.4533333333 0.4533333333 0.4533333333 0.4533333333 0.4533333333 0.4533333333 0.4533333333 
0.45 0.45 0.45 0.45 0.45 0.45 0.45 0.45 
0.4333333333 0.4333333333 0.4333333333 0.4333333333 0.4333333333 0.4333333333 0.4333333333 0.4333333333 
