0.3464285714 0.3892857143 0.3464285714 0.3464285714 0.3464285714 0.3535714286 0.3535714286 0.3464285714 
0.4178571429 0.4321428571 0.4178571429 0.4178571429 0.4178571429 0.4178571429 0.4178571429 0.4178571429 
0.3714285714 0.3857142857 0.3714285714 0.3785714286 0.3785714286 0.3928571429 0.4 0.3714285714 
0.375 0.4035714286 0.3821428571 0.375 0.3821428571 0.3821428571 0.3821428571 0.375 
0.35 0.3714285714 0.35 0.35 0.35 0.35 0.35 0.35 
0.3964285714 0.4035714286 0.4035714286 0.4178571429 0.4178571429 0.4464285714 0.4464285714 0.4035714286 
0.375 0.3964285714 0.375 0.375 0.375 0.3821428571 0.375 0.375 
0.4178571429 0.4392857143 0.4321428571 0.4535714286 0.4678571429 0.4178571429 0.4178571429 0.4178571429 
0.3821428571 0.4035714286 0.3892857143 0.3892857143 0.3892857143 0.3821428571 0.3821428571 0.3821428571 
0.3928571429 0.4142857143 0.3928571429 0.4071428571 0.4071428571 0.4 0.4 0.3928571429 
0.4107142857 0.425 0.425 0.425 0.425 0.4321428571 0.4178571429 0.4178571429 
0.3821428571 0.3821428571 0.3821428571 0.3964285714 0.3964285714 0.3892857143 0.3892857143 0.3821428571 
0.3785714286 0.4 0.3857142857 0.3785714286 0.3785714286 0.3857142857 0.3857142857 0.3785714286 
0.3964285714 0.4035714286 0.3964285714 0.3964285714 0.3964285714 0.3964285714 0.3964285714 0.3964285714 
0.3821428571 0.3892857143 0.3821428571 0.4178571429 0.4178571429 0.3821428571 0.3821428571 0.3821428571 
0.4035714286 0.4107142857 0.4035714286 0.4178571429 0.4178571429 0.4035714286 0.4035714286 0.4035714286 
0.3785714286 0.3928571429 0.3928571429 0.3785714286 0.3785714286 0.3928571429 0.3857142857 0.3785714286 
0.3857142857 0.4 0.3857142857 0.3857142857 0.3857142857 0.3928571429 0.3928571429 0.3857142857 
0.4142857143 0.4428571429 0.4285714286 0.4357142857 0.4357142857 0.4285714286 0.4214285714 0.4214285714 
0.3357142857 0.3642857143 0.3571428571 0.3357142857 0.3357142857 0.3357142857 0.3357142857 0.3357142857 
0.3642857143 0.3785714286 0.3642857143 0.3785714286 0.3785714286 0.3642857143 0.3642857143 0.3642857143 
0.3928571429 0.4071428571 0.4071428571 0.3928571429 0.4142857143 0.4 0.4285714286 0.3928571429 
0.3714285714 0.4 0.3857142857 0.3857142857 0.3857142857 0.3857142857 0.3714285714 0.3714285714 
0.3357142857 0.35 0.35 0.3428571429 0.35 0.3571428571 0.3571428571 0.3428571429 
0.375 0.3964285714 0.3892857143 0.4107142857 0.4107142857 0.375 0.375 0.375 
0.4178571429 0.4392857143 0.425 0.425 0.425 0.4392857143 0.4464285714 0.425 
0.3821428571 0.3964285714 0.3892857143 0.3892857143 0.3892857143 0.4321428571 0.3892857143 0.3892857143 
0.3857142857 0.4071428571 0.3928571429 0.3928571429 0.3928571429 0.3928571429 0.3928571429 0.3928571429 
0.375 0.3821428571 0.3821428571 0.375 0.375 0.375 0.375 0.375 
0.3964285714 0.4107142857 0.4035714286 0.3964285714 0.3964285714 0.3964285714 0.3964285714 0.3964285714 
