0.4175 0.4175 0.4175 0.4175 0.4175 0.4525 0.4525 0.4175 
0.4075 0.4075 0.4075 0.4075 0.4075 0.4075 0.4075 0.4075 
0.4575 0.4675 0.4575 0.4725 0.4725 0.4625 0.4575 0.4575 
0.425 0.425 0.425 0.425 0.425 0.425 0.425 0.425 
0.4225 0.4275 0.4275 0.4275 0.4275 0.4275 0.4275 0.4275 
0.45 0.45 0.45 0.45 0.45 0.495 0.495 0.45 
0.4125 0.4175 0.4125 0.4125 0.4125 0.4125 0.4125 0.4125 
0.4525 0.4525 0.4525 0.4825 0.4825 0.4575 0.4525 0.4525 
0.455 0.455 0.455 0.455 0.455 0.465 0.455 0.455 
0.4525 0.4525 0.4525 0.4525 0.4525 0.4525 0.4525 0.4525 
0.4475 0.4525 0.4525 0.4525 0.4525 0.4475 0.4475 0.4475 
0.4575 0.4575 0.4575 0.4575 0.4575 0.4575 0.4575 0.4575 
0.4475 0.4475 0.4475 0.4475 0.4475 0.4475 0.4475 0.4475 
0.445 0.445 0.445 0.445 0.445 0.445 0.445 0.445 
0.445 0.45 0.445 0.445 0.445 0.445 0.445 0.445 
0.4425 0.4425 0.4425 0.4425 0.4425 0.4425 0.4425 0.4425 
0.45 0.45 0.45 0.45 0.45 0.45 0.45 0.45 
0.4625 0.4625 0.4625 0.4625 0.4625 0.4625 0.4625 0.4625 
0.43 0.445 0.43 0.43 0.43 0.43 0.43 0.43 
0.42 0.43 0.42 0.42 0.42 0.42 0.42 0.42 
0.4375 0.4375 0.4375 0.4425 0.4425 0.4375 0.4375 0.4375 
0.4475 0.4525 0.4475 0.4475 0.4475 0.4525 0.4525 0.4475 
0.4675 0.4675 0.4675 0.4675 0.4675 0.4675 0.4675 0.4675 
0.4425 0.4425 0.4425 0.4625 0.4625 0.4425 0.4425 0.4425 
0.4475 0.4475 0.4475 0.4475 0.4475 0.4475 0.4475 0.4475 
0.4275 0.4275 0.4275 0.4275 0.4275 0.4275 0.4275 0.4275 
0.4475 0.4475 0.4475 0.4475 0.4475 0.4475 0.4475 0.4475 
0.435 0.44 0.435 0.435 0.435 0.435 0.435 0.435 
0.43 0.43 0.43 0.445 0.435 0.44 0.44 0.43 
0.4525 0.4525 0.4625 0.4525 0.4625 0.4525 0.4625 0.4525 
