0.4523809524 0.4555555556 0.4523809524 0.4523809524 0.4523809524 0.4523809524 0.4523809524 0.4523809524 
0.4579365079 0.4666666667 0.4579365079 0.4579365079 0.4634920635 0.4587301587 0.4587301587 0.4579365079 
0.453968254 0.4555555556 0.453968254 0.453968254 0.453968254 0.453968254 0.453968254 0.453968254 
0.4686507937 0.4742063492 0.4694444444 0.4686507937 0.4694444444 0.471031746 0.4686507937 0.4686507937 
0.4388888889 0.4420634921 0.4436507937 0.4388888889 0.4436507937 0.4388888889 0.4436507937 0.4388888889 
0.4694444444 0.4726190476 0.4726190476 0.4813492063 0.4742063492 0.4734126984 0.4734126984 0.4726190476 
0.4666666667 0.4714285714 0.4666666667 0.4666666667 0.4682539683 0.4674603175 0.4666666667 0.4666666667 
0.4488095238 0.455952381 0.4488095238 0.4511904762 0.451984127 0.4488095238 0.4488095238 0.4488095238 
0.4646825397 0.4726190476 0.4694444444 0.4670634921 0.4670634921 0.4686507937 0.4694444444 0.4670634921 
0.4384920635 0.4496031746 0.4384920635 0.4384920635 0.4384920635 0.444047619 0.4384920635 0.4384920635 
0.4738095238 0.476984127 0.4738095238 0.4738095238 0.4738095238 0.476984127 0.476984127 0.4738095238 
0.4285714286 0.4357142857 0.4285714286 0.4285714286 0.4285714286 0.4285714286 0.4285714286 0.4285714286 
0.4579365079 0.4650793651 0.4587301587 0.4587301587 0.4587301587 0.4650793651 0.4587301587 0.4587301587 
0.4678571429 0.4765873016 0.4694444444 0.4742063492 0.4726190476 0.4726190476 0.4694444444 0.4694444444 
0.4464285714 0.4567460317 0.4472222222 0.4503968254 0.4503968254 0.4472222222 0.4503968254 0.4472222222 
0.4753968254 0.4761904762 0.4753968254 0.4777777778 0.4777777778 0.4753968254 0.4761904762 0.4753968254 
0.4630952381 0.4678571429 0.4630952381 0.4773809524 0.4765873016 0.4765873016 0.4765873016 0.4630952381 
0.4694444444 0.4757936508 0.4702380952 0.475 0.4742063492 0.4694444444 0.4702380952 0.4694444444 
0.4543650794 0.4607142857 0.4607142857 0.4607142857 0.4607142857 0.455952381 0.455952381 0.455952381 
0.4686507937 0.4734126984 0.4686507937 0.4686507937 0.4686507937 0.4734126984 0.4726190476 0.4686507937 
0.4626984127 0.4666666667 0.4658730159 0.4634920635 0.4658730159 0.480952381 0.4634920635 0.4634920635 
0.4646825397 0.4734126984 0.4718253968 0.4813492063 0.4773809524 0.4678571429 0.4670634921 0.4670634921 
0.4555555556 0.4595238095 0.4555555556 0.4555555556 0.4555555556 0.4626984127 0.4555555556 0.4555555556 
0.4535714286 0.4535714286 0.4583333333 0.4535714286 0.4583333333 0.4535714286 0.4583333333 0.4535714286 
0.4313492063 0.4384920635 0.4313492063 0.4313492063 0.4313492063 0.4313492063 0.4313492063 0.4313492063 
0.4682539683 0.4746031746 0.4698412698 0.4698412698 0.4698412698 0.4698412698 0.4896825397 0.4698412698 
0.4587301587 0.4595238095 0.4587301587 0.4587301587 0.4587301587 0.4587301587 0.4587301587 0.4587301587 
0.4626984127 0.469047619 0.4650793651 0.4626984127 0.4682539683 0.4666666667 0.4626984127 0.4626984127 
0.4591269841 0.4630952381 0.4599206349 0.4599206349 0.4646825397 0.4591269841 0.4599206349 0.4591269841 
0.451984127 0.4599206349 0.455952381 0.451984127 0.451984127 0.4527777778 0.4527777778 0.451984127 
