0.4416666667 0.4476190476 0.4428571429 0.4416666667 0.4416666667 0.4416666667 0.4416666667 0.4416666667 
0.4732142857 0.4767857143 0.4970238095 0.5005952381 0.4863095238 0.4791666667 0.4744047619 0.4744047619 
0.4398809524 0.4505952381 0.4398809524 0.4398809524 0.4398809524 0.4398809524 0.4398809524 0.4398809524 
0.4458333333 0.4541666667 0.4470238095 0.4458333333 0.4470238095 0.4529761905 0.4458333333 0.4458333333 
0.4630952381 0.4714285714 0.4702380952 0.4761904762 0.4785714286 0.4666666667 0.4726190476 0.4666666667 
0.4505952381 0.4517857143 0.4505952381 0.4505952381 0.4505952381 0.4505952381 0.4505952381 0.4505952381 
0.4636904762 0.4672619048 0.4696428571 0.4636904762 0.4636904762 0.468452381 0.4636904762 0.4636904762 
0.45 0.4523809524 0.4523809524 0.4595238095 0.4726190476 0.4702380952 0.4702380952 0.4523809524 
0.4702380952 0.4738095238 0.4702380952 0.4797619048 0.4904761905 0.4904761905 0.4904761905 0.4702380952 
0.4738095238 0.480952381 0.475 0.4785714286 0.4785714286 0.4821428571 0.4738095238 0.4738095238 
0.4523809524 0.4547619048 0.4547619048 0.4523809524 0.4547619048 0.4523809524 0.4523809524 0.4523809524 
0.455952381 0.4583333333 0.4619047619 0.4619047619 0.4619047619 0.4619047619 0.4619047619 0.4583333333 
0.4357142857 0.4392857143 0.4357142857 0.4357142857 0.4357142857 0.4357142857 0.4357142857 0.4357142857 
0.4732142857 0.4767857143 0.4755952381 0.4755952381 0.4755952381 0.4803571429 0.4755952381 0.4755952381 
0.4517857143 0.4553571429 0.4517857143 0.4517857143 0.4517857143 0.4517857143 0.4517857143 0.4517857143 
0.475 0.4773809524 0.475 0.475 0.475 0.4797619048 0.475 0.475 
0.4714285714 0.4726190476 0.4714285714 0.475 0.4785714286 0.4726190476 0.4714285714 0.4714285714 
0.4482142857 0.4517857143 0.4482142857 0.4482142857 0.4482142857 0.4541666667 0.4482142857 0.4482142857 
0.4625 0.4636904762 0.4625 0.4625 0.4720238095 0.4625 0.4720238095 0.4625 
0.4422619048 0.4482142857 0.4458333333 0.4422619048 0.4458333333 0.4470238095 0.4422619048 0.4422619048 
0.4630952381 0.4654761905 0.4642857143 0.4702380952 0.4642857143 0.469047619 0.4642857143 0.4642857143 
0.4303571429 0.4375 0.4303571429 0.4303571429 0.4303571429 0.4303571429 0.4303571429 0.4303571429 
0.4535714286 0.4571428571 0.4535714286 0.455952381 0.4535714286 0.455952381 0.4535714286 0.4535714286 
0.4279761905 0.4327380952 0.4279761905 0.4279761905 0.4279761905 0.4279761905 0.4279761905 0.4279761905 
0.4630952381 0.4654761905 0.4654761905 0.4642857143 0.4642857143 0.4666666667 0.4642857143 0.4642857143 
0.4601190476 0.4613095238 0.4601190476 0.4601190476 0.4601190476 0.4636904762 0.4636904762 0.4601190476 
0.4410714286 0.443452381 0.4422619048 0.4410714286 0.4410714286 0.4422619048 0.4410714286 0.4410714286 
0.4702380952 0.4702380952 0.4702380952 0.4702380952 0.4702380952 0.4761904762 0.4702380952 0.4702380952 
0.4619047619 0.469047619 0.4678571429 0.4619047619 0.4619047619 0.4654761905 0.4619047619 0.4619047619 
0.4553571429 0.4577380952 0.4601190476 0.4601190476 0.4601190476 0.4553571429 0.4553571429 0.4553571429 
