0.4333333333 0.4333333333 0.4333333333 0.4333333333 0.4333333333 0.4333333333 0.4333333333 0.4333333333 
0.4555555556 0.4555555556 0.4555555556 0.4555555556 0.4555555556 0.4555555556 0.4555555556 0.4555555556 
0.4 0.4 0.4 0.4 0.4 0.4 0.4 0.4 
0.4555555556 0.4555555556 0.4555555556 0.4555555556 0.4555555556 0.4555555556 0.4555555556 0.4555555556 
0.4444444444 0.4444444444 0.4444444444 0.4444444444 0.4444444444 0.4444444444 0.4444444444 0.4444444444 
0.3777777778 0.3777777778 0.3777777778 0.3777777778 0.3777777778 0.3777777778 0.3777777778 0.3777777778 
0.4 0.4 0.4 0.4 0.4 0.4 0.4 0.4 
0.4222222222 0.4222222222 0.4222222222 0.4222222222 0.4222222222 0.4222222222 0.4222222222 0.4222222222 
0.3222222222 0.3222222222 0.3222222222 0.3222222222 0.3222222222 0.3222222222 0.3222222222 0.3222222222 
0.3555555556 0.3555555556 0.3555555556 0.3555555556 0.3555555556 0.3555555556 0.3555555556 0.3555555556 
0.4444444444 0.4444444444 0.4444444444 0.4444444444 0.4444444444 0.4444444444 0.4444444444 0.4444444444 
0.4555555556 0.4555555556 0.4555555556 0.4555555556 0.4555555556 0.4555555556 0.4555555556 0.4555555556 
0.4444444444 0.4444444444 0.4444444444 0.4444444444 0.4444444444 0.4444444444 0.4444444444 0.4444444444 
0.4444444444 0.4444444444 0.4444444444 0.4444444444 0.4444444444 0.4444444444 0.4444444444 0.4444444444 
0.4444444444 0.4444444444 0.4444444444 0.4444444444 0.4444444444 0.4444444444 0.4444444444 0.4444444444 
0.4222222222 0.4222222222 0.4222222222 0.4222222222 0.4222222222 0.4222222222 0.4222222222 0.4222222222 
0.3777777778 0.3777777778 0.3777777778 0.3777777778 0.3777777778 0.3777777778 0.3777777778 0.3777777778 
0.4 0.4 0.4 0.4 0.4 0.4 0.4 0.4 
0.4222222222 0.4222222222 0.4222222222 0.4222222222 0.4222222222 0.4222222222 0.4222222222 0.4222222222 
0.4555555556 0.4555555556 0.4555555556 0.4555555556 0.4555555556 0.4555555556 0.4555555556 0.4555555556 
0.4555555556 0.4555555556 0.4555555556 0.4555555556 0.4555555556 0.4555555556 0.4555555556 0.4555555556 
0.4333333333 0.4333333333 0.4333333333 0.4333333333 0.4333333333 0.4333333333 0.4333333333 0.4333333333 
0.3777777778 0.3777777778 0.3777777778 0.3777777778 0.3777777778 0.3777777778 0.3777777778 0.3777777778 
0.4444444444 0.4444444444 0.4444444444 0.4444444444 0.4444444444 0.4444444444 0.4444444444 0.4444444444 
0.4222222222 0.4222222222 0.4222222222 0.4222222222 0.4222222222 0.4222222222 0.4222222222 0.4222222222 
0.4222222222 0.4222222222 0.4222222222 0.4222222222 0.4222222222 0.4222222222 0.4222222222 0.4222222222 
0.4333333333 0.4333333333 0.4333333333 0.4333333333 0.4333333333 0.4333333333 0.4333333333 0.4333333333 
0.4222222222 0.4222222222 0.4222222222 0.4222222222 0.4222222222 0.4222222222 0.4222222222 0.4222222222 
0.4333333333 0.4333333333 0.4333333333 0.4333333333 0.4333333333 0.4333333333 0.4333333333 0.4333333333 
0.4111111111 0.4111111111 0.4111111111 0.4111111111 0.4111111111 0.4111111111 0.4111111111 0.4111111111 
