0.4037037037 0.4037037037 0.4037037037 0.4037037037 0.4037037037 0.4037037037 0.4037037037 0.4037037037 
0.4740740741 0.4740740741 0.4740740741 0.4740740741 0.4740740741 0.4740740741 0.4740740741 0.4740740741 
0.4333333333 0.4333333333 0.4333333333 0.4333333333 0.4333333333 0.4333333333 0.4333333333 0.4333333333 
0.4777777778 0.4777777778 0.4777777778 0.4777777778 0.4777777778 0.4777777778 0.4777777778 0.4777777778 
0.4814814815 0.4814814815 0.4814814815 0.4814814815 0.4814814815 0.4814814815 0.4814814815 0.4814814815 
0.4185185185 0.4185185185 0.4185185185 0.4185185185 0.4185185185 0.4185185185 0.4185185185 0.4185185185 
0.4481481481 0.4481481481 0.4481481481 0.4481481481 0.4481481481 0.4481481481 0.4481481481 0.4481481481 
0.4259259259 0.4259259259 0.4259259259 0.4259259259 0.4259259259 0.4259259259 0.4259259259 0.4259259259 
0.4 0.4 0.4 0.4 0.4 0.4 0.4 0.4 
0.4259259259 0.4259259259 0.4259259259 0.4259259259 0.4259259259 0.4259259259 0.4259259259 0.4259259259 
0.4555555556 0.4555555556 0.4555555556 0.4555555556 0.4555555556 0.4555555556 0.4555555556 0.4555555556 
0.4481481481 0.4481481481 0.4481481481 0.4481481481 0.4481481481 0.4481481481 0.4481481481 0.4481481481 
0.4518518519 0.4518518519 0.4518518519 0.4518518519 0.4518518519 0.4518518519 0.4518518519 0.4518518519 
0.4407407407 0.4407407407 0.4407407407 0.4407407407 0.4407407407 0.4407407407 0.4407407407 0.4407407407 
0.4592592593 0.4592592593 0.4592592593 0.4592592593 0.4592592593 0.4592592593 0.4592592593 0.4592592593 
0.4296296296 0.4296296296 0.4296296296 0.4296296296 0.4296296296 0.4296296296 0.4296296296 0.4296296296 
0.4481481481 0.4481481481 0.4481481481 0.4481481481 0.4481481481 0.4481481481 0.4481481481 0.4481481481 
0.4851851852 0.4851851852 0.5 0.5 0.4851851852 0.5 0.4851851852 0.4851851852 
0.4444444444 0.4444444444 0.4444444444 0.4444444444 0.4444444444 0.4444444444 0.4444444444 0.4444444444 
0.4444444444 0.4444444444 0.4444444444 0.4444444444 0.4444444444 0.4444444444 0.4444444444 0.4444444444 
0.4407407407 0.4407407407 0.4407407407 0.4407407407 0.4407407407 0.4407407407 0.4407407407 0.4407407407 
0.4925925926 0.4925925926 0.4925925926 0.4925925926 0.4925925926 0.4925925926 0.4925925926 0.4925925926 
0.4296296296 0.4296296296 0.4296296296 0.4296296296 0.4296296296 0.4296296296 0.4296296296 0.4296296296 
0.4592592593 0.4592592593 0.4592592593 0.4592592593 0.4592592593 0.4592592593 0.4592592593 0.4592592593 
0.4777777778 0.4777777778 0.4777777778 0.4777777778 0.4777777778 0.4777777778 0.4777777778 0.4777777778 
0.4407407407 0.4407407407 0.4407407407 0.4407407407 0.4407407407 0.4407407407 0.4407407407 0.4407407407 
0.4555555556 0.4555555556 0.4555555556 0.4555555556 0.4555555556 0.4555555556 0.4555555556 0.4555555556 
0.4777777778 0.4777777778 0.4777777778 0.4777777778 0.4777777778 0.4777777778 0.4777777778 0.4777777778 
0.4777777778 0.4777777778 0.4777777778 0.4777777778 0.4777777778 0.4777777778 0.4777777778 0.4777777778 
0.4592592593 0.4592592593 0.4592592593 0.4592592593 0.4592592593 0.4592592593 0.4592592593 0.4592592593 
