0.41 0.41 0.41 0.41 0.41 0.41 0.41 0.41 
0.4033333333 0.4166666667 0.4033333333 0.4033333333 0.4033333333 0.4033333333 0.4033333333 0.4033333333 
0.43 0.43 0.43 0.43 0.43 0.43 0.43 0.43 
0.44 0.4466666667 0.44 0.44 0.44 0.44 0.44 0.44 
0.4066666667 0.4133333333 0.4066666667 0.4066666667 0.4066666667 0.4066666667 0.4066666667 0.4066666667 
0.3966666667 0.4033333333 0.3966666667 0.43 0.4233333333 0.4166666667 0.4233333333 0.3966666667 
0.4433333333 0.4433333333 0.4433333333 0.45 0.45 0.45 0.4433333333 0.4433333333 
0.4433333333 0.45 0.4433333333 0.4433333333 0.4433333333 0.4766666667 0.4433333333 0.4433333333 
0.42 0.4266666667 0.4266666667 0.42 0.4466666667 0.4333333333 0.42 0.42 
0.4433333333 0.4433333333 0.4433333333 0.45 0.45 0.4433333333 0.4433333333 0.4433333333 
0.4566666667 0.4633333333 0.4566666667 0.4566666667 0.4566666667 0.4566666667 0.4566666667 0.4566666667 
0.4 0.4133333333 0.4 0.4066666667 0.4066666667 0.4066666667 0.4066666667 0.4 
0.4166666667 0.4233333333 0.4166666667 0.4433333333 0.4233333333 0.4233333333 0.4166666667 0.4166666667 
0.4333333333 0.4466666667 0.4333333333 0.4333333333 0.4333333333 0.4533333333 0.4333333333 0.4333333333 
0.4233333333 0.43 0.4233333333 0.4233333333 0.4233333333 0.4366666667 0.4233333333 0.4233333333 
0.4233333333 0.4366666667 0.43 0.4366666667 0.4366666667 0.43 0.4233333333 0.4233333333 
0.4 0.4 0.4 0.4 0.4 0.4066666667 0.4066666667 0.4 
0.4066666667 0.4133333333 0.4066666667 0.4066666667 0.4066666667 0.4066666667 0.4066666667 0.4066666667 
0.4 0.4 0.4 0.4 0.4 0.4 0.4 0.4 
0.3866666667 0.4 0.3933333333 0.4 0.4 0.4 0.4 0.3933333333 
0.4 0.4133333333 0.4066666667 0.4 0.4 0.4 0.4 0.4 
0.36 0.3666666667 0.36 0.36 0.36 0.3666666667 0.36 0.36 
0.4366666667 0.4366666667 0.4366666667 0.4433333333 0.4433333333 0.4433333333 0.4433333333 0.4366666667 
0.3866666667 0.4 0.3866666667 0.3866666667 0.3866666667 0.3866666667 0.3866666667 0.3866666667 
0.3933333333 0.4 0.3933333333 0.3933333333 0.3933333333 0.3933333333 0.3933333333 0.3933333333 
0.43 0.4433333333 0.43 0.4366666667 0.4366666667 0.43 0.43 0.43 
0.4333333333 0.44 0.4333333333 0.4333333333 0.4333333333 0.4333333333 0.4333333333 0.4333333333 
0.41 0.4233333333 0.41 0.45 0.45 0.4233333333 0.41 0.41 
0.3933333333 0.4066666667 0.3933333333 0.3933333333 0.3933333333 0.3933333333 0.3933333333 0.3933333333 
0.3966666667 0.3966666667 0.3966666667 0.3966666667 0.3966666667 0.4166666667 0.3966666667 0.3966666667 
