0.4792592593 0.4792592593 0.4792592593 0.4792592593 0.4792592593 0.4792592593 0.4792592593 0.4792592593 
0.4607407407 0.4622222222 0.4622222222 0.4637037037 0.4637037037 0.4622222222 0.4637037037 0.4622222222 
0.46 0.46 0.46 0.46 0.46 0.4614814815 0.46 0.46 
0.4666666667 0.4666666667 0.4666666667 0.482962963 0.4711111111 0.4666666667 0.4666666667 0.4666666667 
0.442962963 0.4459259259 0.442962963 0.442962963 0.442962963 0.442962963 0.442962963 0.442962963 
0.4614814815 0.4674074074 0.4674074074 0.4896296296 0.4733333333 0.4703703704 0.4614814815 0.4614814815 
0.4466666667 0.4496296296 0.4466666667 0.4466666667 0.4466666667 0.4466666667 0.4466666667 0.4466666667 
0.457037037 0.4585185185 0.457037037 0.4614814815 0.4614814815 0.46 0.457037037 0.457037037 
0.4451851852 0.4481481481 0.4451851852 0.4451851852 0.4451851852 0.4451851852 0.4451851852 0.4451851852 
0.4585185185 0.46 0.4585185185 0.4585185185 0.4585185185 0.4585185185 0.4585185185 0.4585185185 
0.4703703704 0.4733333333 0.4703703704 0.4703703704 0.4703703704 0.4703703704 0.4703703704 0.4703703704 
0.4407407407 0.4407407407 0.4407407407 0.4407407407 0.4407407407 0.4407407407 0.4407407407 0.4407407407 
0.4437037037 0.4451851852 0.4437037037 0.4437037037 0.4437037037 0.4437037037 0.4437037037 0.4437037037 
0.4614814815 0.4614814815 0.4614814815 0.4762962963 0.4762962963 0.4614814815 0.462962963 0.4614814815 
0.4651851852 0.4651851852 0.4651851852 0.4651851852 0.4651851852 0.4844444444 0.48 0.4651851852 
0.442962963 0.4474074074 0.442962963 0.442962963 0.442962963 0.442962963 0.442962963 0.442962963 
0.4414814815 0.4414814815 0.4414814815 0.4414814815 0.4414814815 0.4414814815 0.4414814815 0.4414814815 
0.4688888889 0.4718518519 0.4688888889 0.4688888889 0.4688888889 0.4688888889 0.4688888889 0.4688888889 
0.4511111111 0.4525925926 0.4511111111 0.4511111111 0.4511111111 0.4511111111 0.4511111111 0.4511111111 
0.477037037 0.48 0.4859259259 0.4814814815 0.477037037 0.477037037 0.477037037 0.477037037 
0.46 0.4614814815 0.46 0.46 0.46 0.46 0.46 0.46 
0.4637037037 0.4637037037 0.48 0.4666666667 0.4637037037 0.4725925926 0.48 0.4637037037 
0.4711111111 0.4740740741 0.4859259259 0.4785185185 0.4740740741 0.4755555556 0.4785185185 0.4740740741 
0.4703703704 0.4718518519 0.4703703704 0.4748148148 0.4748148148 0.4703703704 0.4703703704 0.4703703704 
0.4496296296 0.4496296296 0.4496296296 0.4496296296 0.4496296296 0.4496296296 0.4496296296 0.4496296296 
0.4555555556 0.462962963 0.4555555556 0.4555555556 0.4555555556 0.4555555556 0.4555555556 0.4555555556 
0.4585185185 0.46 0.46 0.4585185185 0.4585185185 0.462962963 0.462962963 0.4585185185 
0.4481481481 0.4511111111 0.4525925926 0.4496296296 0.4496296296 0.4481481481 0.4525925926 0.4481481481 
0.4607407407 0.4607407407 0.4696296296 0.4607407407 0.4696296296 0.4607407407 0.4696296296 0.4607407407 
0.4511111111 0.4511111111 0.4511111111 0.4511111111 0.4511111111 0.4525925926 0.4511111111 0.4511111111 
