5 0.000236 0.003019 0.000399 0.000411 1.7e-05 3e-05 1.3e-05 2.4e-05 0.000633 
5 0.000189 0.003425 0.000349 0.00036 1.6e-05 2.9e-05 1.3e-05 2.4e-05 0.000552 
5 0.000156 0.003477 0.000404 0.000409 7e-06 1.3e-05 6e-06 1.1e-05 0.000212 
5 0.000189 0.003497 0.000353 0.000363 1.7e-05 3.1e-05 1.3e-05 2.4e-05 0.000619 
5 0.00023 0.003304 0.000352 0.000363 1.6e-05 2.9e-05 1.2e-05 2.4e-05 0.000607 
5 8e-05 0.001389 0.000146 0.000151 7e-06 1.3e-05 5e-06 1.1e-05 0.000232 
5 0.000267 0.002189 0.000128 0.000132 7e-06 1.2e-05 6e-06 1.1e-05 0.000203 
5 0.000151 0.003974 0.000128 0.000133 7e-06 1.2e-05 6e-06 1.1e-05 0.000205 
5 6.8e-05 0.001238 0.000128 0.000133 6e-06 1.2e-05 5e-06 1e-05 0.000203 
5 7e-05 0.001267 0.00013 0.000135 7e-06 1.2e-05 6e-06 1.1e-05 0.000205 
