5120 25.0761 100000 0.230784 0.341168 0.113281 0.226951 1.119014 2.341058 3.129865 
5120 24.9099 100000 0.219845 0.33201 0.114355 0.231006 1.102635 2.316552 3.105956 
5120 24.9516 100000 0.222152 0.33268 0.111964 0.226086 1.102963 2.309658 3.081874 
5120 26.1894 100000 0.22474 0.337547 0.114392 0.231725 1.111386 2.326915 3.10701 
5120 24.6938 100000 0.222065 0.332298 0.112463 0.226471 1.111529 2.319174 3.085659 
5120 27.0346 100000 0.230861 0.338919 0.110802 0.224436 1.458862 2.880273 3.515368 
5120 24.9172 100000 0.226646 0.339218 0.114285 0.231214 1.107744 2.321685 3.102287 
5120 25.1366 100000 0.226816 0.335292 0.111516 0.225937 1.100727 2.309834 3.080171 
5120 24.99 100000 0.226769 0.335866 0.110629 0.225082 1.105337 2.319139 3.091214 
5120 24.2494 100000 0.212338 0.32871 0.118337 0.238788 1.099524 2.302461 3.074401 
