10 0.000188 69.632957 0.000253 0.00027 1.2e-05 2.1e-05 1.2e-05 2.3e-05 0.000397 
10 0.00015 69.020483 0.000246 0.000263 1.1e-05 2e-05 1.1e-05 2.9e-05 0.000395 
10 0.00015 69.839558 0.000257 0.000267 1.1e-05 2e-05 1.2e-05 2.3e-05 0.000391 
10 0.000209 70.667403 0.000255 0.000264 1.8e-05 2.8e-05 1.1e-05 2.2e-05 0.0004 
10 0.000153 68.617937 0.00026 0.00027 1.1e-05 2e-05 1.2e-05 2.2e-05 0.000399 
10 0.000209 77.567297 0.000284 0.000294 1.2e-05 2.1e-05 2e-05 3e-05 0.000463 
10 0.000185 68.726314 0.000252 0.000262 1.1e-05 2.7e-05 1.2e-05 2.1e-05 0.000407 
10 0.000148 70.040371 0.000252 0.000262 1.3e-05 2.2e-05 2.2e-05 3.1e-05 0.000405 
10 0.000151 68.903452 0.000249 0.000258 1.9e-05 2.8e-05 1.2e-05 2.3e-05 0.000391 
10 0.00015 68.530727 0.000249 0.000258 2e-05 2.9e-05 1.1e-05 2.2e-05 0.000406 
