160 0.020027 100000 0.005033 0.005202 0.000199 0.0004 0.001114 0.002349 0.010541 
160 0.020045 100000 0.005063 0.005249 0.000223 0.000433 0.001147 0.002374 0.010568 
160 0.019858 100000 0.005107 0.005278 0.000218 0.000429 0.001142 0.002407 0.010732 
160 0.022187 100000 0.005091 0.005281 0.000203 0.000406 0.001139 0.002369 0.010628 
160 0.02041 100000 0.005051 0.005222 0.0002 0.000404 0.001127 0.00235 0.01056 
160 0.023359 100000 0.00552 0.005701 0.000222 0.000438 0.001444 0.002899 0.011723 
160 0.020543 100000 0.005111 0.005292 0.000221 0.000432 0.001155 0.00238 0.010402 
160 0.020721 100000 0.005142 0.005312 0.000204 0.00041 0.001172 0.002434 0.010504 
160 0.02027 100000 0.005108 0.005292 0.000213 0.000472 0.002026 0.003386 0.010771 
160 0.020566 100000 0.005044 0.005235 0.000223 0.000438 0.00118 0.002409 0.010368 
