8 0.000137 0.456974 0.000158 0.000165 7e-06 1.3e-05 1.3e-05 1.8e-05 0.000221 
8 0.00012 0.619789 0.000196 0.000203 9e-06 1.7e-05 1.6e-05 2.4e-05 0.000312 
8 0.000111 0.627759 0.000199 0.000207 9e-06 1.7e-05 1.6e-05 2.3e-05 0.00031 
8 0.000116 0.63722 0.000208 0.000216 1e-05 1.8e-05 1e-05 1.7e-05 0.000371 
8 0.000112 0.597725 0.000193 0.0002 1e-05 1.7e-05 1.6e-05 2.3e-05 0.000305 
8 0.000123 0.692409 0.000224 0.000232 1e-05 1.7e-05 1.7e-05 2.5e-05 0.000354 
8 0.00011 0.607127 0.000196 0.000203 1e-05 1.8e-05 1.5e-05 2.2e-05 0.000307 
8 0.000135 0.629573 0.000198 0.000206 1e-05 1.8e-05 1.6e-05 2.4e-05 0.000315 
8 0.000108 0.624934 0.000201 0.000208 1e-05 1.8e-05 9e-06 1.7e-05 0.000328 
8 0.000113 0.627767 0.000201 0.00021 1.1e-05 1.8e-05 1.8e-05 2.5e-05 0.00032 
