40 0.0014 100000 0.001087 0.001113 3.3e-05 6.6e-05 8.7e-05 0.000177 0.001905 
40 0.001394 100000 0.00111 0.001136 3.3e-05 6.6e-05 8.7e-05 0.000182 0.001918 
40 0.0014 100000 0.001121 0.001146 3.2e-05 6.4e-05 8.7e-05 0.000177 0.001966 
40 0.001506 100000 0.001162 0.001211 3.7e-05 7.1e-05 9.4e-05 0.000191 0.001986 
40 0.001464 100000 0.00114 0.001167 3.6e-05 7e-05 9e-05 0.000188 0.001937 
40 0.001639 100000 0.001225 0.001252 3.5e-05 6.9e-05 0.000104 0.000211 0.002119 
40 0.001403 100000 0.001123 0.001149 3.4e-05 6.7e-05 9.3e-05 0.000189 0.0019 
40 0.001382 100000 0.001131 0.001158 3.3e-05 6.5e-05 8.7e-05 0.000178 0.001957 
40 0.00141 100000 0.001114 0.001139 3.4e-05 6.8e-05 9.2e-05 0.000183 0.00191 
40 0.00139 100000 0.001128 0.001154 3.5e-05 6.9e-05 9.1e-05 0.000189 0.001985 
