0.36 0.4 0.36 0.36 0.36 0.3733333333 0.36 0.36 
0.42 0.42 0.42 0.42 0.42 0.4466666667 0.42 0.42 
0.4 0.4 0.4 0.4 0.4 0.4 0.4 0.4 
0.3466666667 0.3733333333 0.3733333333 0.36 0.3733333333 0.36 0.36 0.36 
0.3466666667 0.3466666667 0.3466666667 0.3466666667 0.3466666667 0.36 0.3466666667 0.3466666667 
0.3266666667 0.3266666667 0.3266666667 0.3266666667 0.3266666667 0.3266666667 0.3266666667 0.3266666667 
0.3266666667 0.34 0.3266666667 0.3266666667 0.3266666667 0.3266666667 0.3266666667 0.3266666667 
0.38 0.3933333333 0.38 0.38 0.38 0.3933333333 0.38 0.38 
0.4 0.4 0.4 0.4 0.4 0.4 0.4 0.4 
0.36 0.36 0.36 0.3866666667 0.3733333333 0.36 0.36 0.36 
0.3666666667 0.3933333333 0.3666666667 0.3666666667 0.3666666667 0.38 0.3666666667 0.3666666667 
0.36 0.36 0.36 0.36 0.36 0.3866666667 0.36 0.36 
0.4 0.4133333333 0.4 0.4266666667 0.4133333333 0.4533333333 0.4533333333 0.4 
0.3266666667 0.3533333333 0.3266666667 0.3266666667 0.3266666667 0.34 0.3266666667 0.3266666667 
0.3866666667 0.4 0.4 0.4 0.4 0.4 0.4 0.4 
0.4133333333 0.4266666667 0.4266666667 0.4133333333 0.4133333333 0.44 0.4133333333 0.4133333333 
0.34 0.3533333333 0.34 0.34 0.34 0.3533333333 0.34 0.34 
0.38 0.3933333333 0.38 0.38 0.38 0.38 0.38 0.38 
0.4066666667 0.42 0.42 0.4066666667 0.4066666667 0.4066666667 0.4066666667 0.4066666667 
0.3133333333 0.3133333333 0.3133333333 0.3133333333 0.3133333333 0.3133333333 0.3133333333 0.3133333333 
0.4133333333 0.4133333333 0.4133333333 0.4133333333 0.4133333333 0.4133333333 0.4133333333 0.4133333333 
0.4333333333 0.4333333333 0.4333333333 0.4333333333 0.4333333333 0.4333333333 0.4333333333 0.4333333333 
0.3733333333 0.3866666667 0.3733333333 0.3733333333 0.3733333333 0.3733333333 0.3733333333 0.3733333333 
0.36 0.36 0.36 0.36 0.36 0.36 0.36 0.36 
0.32 0.3333333333 0.32 0.32 0.32 0.32 0.32 0.32 
0.3733333333 0.3733333333 0.3733333333 0.4266666667 0.4266666667 0.3866666667 0.3733333333 0.3733333333 
0.3933333333 0.42 0.3933333333 0.3933333333 0.3933333333 0.3933333333 0.3933333333 0.3933333333 
0.3733333333 0.3866666667 0.3733333333 0.4133333333 0.4 0.4 0.4 0.3733333333 
0.3733333333 0.3733333333 0.4 0.3733333333 0.3733333333 0.3733333333 0.3733333333 0.3733333333 
0.3866666667 0.4133333333 0.4133333333 0.3866666667 0.3866666667 0.4666666667 0.4 0.3866666667 
0.4266666667 0.4266666667 0.5733333333 0.4333333333 0.3933333333 0.14 0.14 0.14 
0.3466666667 0.3733333333 0.3466666667 0.3466666667 0.3466666667 0.36 0.3466666667 0.3466666667 
0.3666666667 0.3666666667 0.3666666667 0.3666666667 0.3666666667 0.3666666667 0.3666666667 0.3666666667 
0.3933333333 0.4066666667 0.3933333333 0.3933333333 0.3933333333 0.3933333333 0.3933333333 0.3933333333 
0.3266666667 0.3266666667 0.3266666667 0.3266666667 0.3266666667 0.3266666667 0.3266666667 0.3266666667 
0.3666666667 0.3666666667 0.3666666667 0.3666666667 0.3666666667 0.3666666667 0.3666666667 0.3666666667 
