0.45 0.45 0.45 0.45 0.45 0.45 0.45 0.45 
0.475 0.475 0.475 0.475 0.475 0.475 0.475 0.475 
0.4125 0.4125 0.4125 0.4125 0.4125 0.4125 0.4125 0.4125 
0.425 0.425 0.425 0.425 0.425 0.425 0.425 0.425 
0.4416666667 0.4416666667 0.4416666667 0.4416666667 0.4416666667 0.4416666667 0.4416666667 0.4416666667 
0.4416666667 0.4416666667 0.4416666667 0.4416666667 0.4416666667 0.4416666667 0.4416666667 0.4416666667 
0.45 0.45 0.45 0.45 0.45 0.45 0.45 0.45 
0.4291666667 0.4291666667 0.4291666667 0.4291666667 0.4291666667 0.4291666667 0.4291666667 0.4291666667 
0.3958333333 0.3958333333 0.3958333333 0.3958333333 0.3958333333 0.3958333333 0.3958333333 0.3958333333 
0.4291666667 0.4291666667 0.4291666667 0.4291666667 0.4291666667 0.4291666667 0.4291666667 0.4291666667 
0.4291666667 0.4291666667 0.4291666667 0.4291666667 0.4291666667 0.4291666667 0.4291666667 0.4291666667 
0.4541666667 0.4541666667 0.4541666667 0.4541666667 0.4541666667 0.4541666667 0.4541666667 0.4541666667 
0.4833333333 0.4833333333 0.4833333333 0.4833333333 0.4833333333 0.4833333333 0.4833333333 0.4833333333 
0.4625 0.4625 0.4625 0.4625 0.4625 0.4625 0.4625 0.4625 
0.4666666667 0.4666666667 0.4666666667 0.4666666667 0.4666666667 0.4666666667 0.4666666667 0.4666666667 
0.45 0.45 0.45 0.45 0.45 0.45 0.45 0.45 
0.4375 0.4375 0.4375 0.4375 0.4375 0.4375 0.4375 0.4375 
0.4833333333 0.4833333333 0.4916666667 0.4833333333 0.4916666667 0.4833333333 0.4916666667 0.4833333333 
0.4083333333 0.4083333333 0.4083333333 0.4083333333 0.4083333333 0.4083333333 0.4083333333 0.4083333333 
0.4625 0.4625 0.4625 0.4625 0.4625 0.4625 0.4625 0.4625 
0.4208333333 0.4208333333 0.4208333333 0.4208333333 0.4208333333 0.4208333333 0.4208333333 0.4208333333 
0.4666666667 0.4666666667 0.4666666667 0.4666666667 0.4666666667 0.4666666667 0.4666666667 0.4666666667 
0.4291666667 0.4291666667 0.4291666667 0.4291666667 0.4291666667 0.4291666667 0.4291666667 0.4291666667 
0.4541666667 0.4541666667 0.4541666667 0.4541666667 0.4541666667 0.4541666667 0.4541666667 0.4541666667 
0.4875 0.4875 0.4875 0.4875 0.4875 0.4875 0.4875 0.4875 
0.4208333333 0.4208333333 0.4208333333 0.4208333333 0.4208333333 0.4208333333 0.4208333333 0.4208333333 
0.4625 0.4625 0.4625 0.4625 0.4625 0.4625 0.4625 0.4625 
0.4833333333 0.4833333333 0.4833333333 0.4833333333 0.4833333333 0.4833333333 0.4833333333 0.4833333333 
0.4708333333 0.4708333333 0.4708333333 0.4708333333 0.4708333333 0.4708333333 0.4708333333 0.4708333333 
0.4583333333 0.4583333333 0.4583333333 0.4583333333 0.4583333333 0.4583333333 0.4583333333 0.4583333333 
0.4666666667 0.4666666667 0.5333333333 0.4666666667 0.4916666667 0.3375 0.3375 0.3375 
0.4875 0.4875 0.4958333333 0.4958333333 0.4875 0.4875 0.4958333333 0.4875 
0.4708333333 0.4708333333 0.4708333333 0.4708333333 0.4708333333 0.4708333333 0.4708333333 0.4708333333 
0.425 0.425 0.425 0.425 0.425 0.425 0.425 0.425 
0.4625 0.4625 0.4625 0.4625 0.4625 0.4625 0.4625 0.4625 
0.4625 0.4625 0.4625 0.4625 0.4625 0.4625 0.4625 0.4625 
