0.4047619048 0.4047619048 0.4047619048 0.4047619048 0.4047619048 0.4047619048 0.4047619048 0.4047619048 
0.4523809524 0.4523809524 0.4523809524 0.4523809524 0.4523809524 0.4523809524 0.4523809524 0.4523809524 
0.4047619048 0.4047619048 0.4047619048 0.4047619048 0.4047619048 0.4047619048 0.4047619048 0.4047619048 
0.480952381 0.480952381 0.480952381 0.480952381 0.480952381 0.480952381 0.480952381 0.480952381 
0.4428571429 0.4428571429 0.4428571429 0.4428571429 0.4428571429 0.4428571429 0.4428571429 0.4428571429 
0.4571428571 0.4571428571 0.4571428571 0.4571428571 0.4571428571 0.4571428571 0.4571428571 0.4571428571 
0.4238095238 0.4238095238 0.4238095238 0.4238095238 0.4238095238 0.4238095238 0.4238095238 0.4238095238 
0.480952381 0.480952381 0.480952381 0.480952381 0.480952381 0.480952381 0.480952381 0.480952381 
0.3857142857 0.3857142857 0.3857142857 0.3857142857 0.3857142857 0.3857142857 0.3857142857 0.3857142857 
0.4333333333 0.4333333333 0.4333333333 0.4333333333 0.4333333333 0.4333333333 0.4333333333 0.4333333333 
0.4523809524 0.4523809524 0.4523809524 0.4523809524 0.4523809524 0.4523809524 0.4523809524 0.4523809524 
0.4619047619 0.4619047619 0.4619047619 0.4619047619 0.4619047619 0.4619047619 0.4619047619 0.4619047619 
0.4523809524 0.4523809524 0.4523809524 0.4523809524 0.4523809524 0.4523809524 0.4523809524 0.4523809524 
0.4571428571 0.4571428571 0.4571428571 0.4571428571 0.4571428571 0.4571428571 0.4571428571 0.4571428571 
0.4523809524 0.4523809524 0.4523809524 0.4523809524 0.4523809524 0.4523809524 0.4523809524 0.4523809524 
0.4380952381 0.4380952381 0.4380952381 0.4380952381 0.4380952381 0.4380952381 0.4380952381 0.4380952381 
0.4238095238 0.4238095238 0.4238095238 0.4238095238 0.4238095238 0.4238095238 0.4238095238 0.4238095238 
0.4761904762 0.4761904762 0.5047619048 0.4761904762 0.5047619048 0.4761904762 0.5047619048 0.4761904762 
0.3952380952 0.3952380952 0.3952380952 0.3952380952 0.3952380952 0.3952380952 0.3952380952 0.3952380952 
0.4571428571 0.4571428571 0.4571428571 0.4571428571 0.4571428571 0.4571428571 0.4571428571 0.4571428571 
0.4285714286 0.4285714286 0.4285714286 0.4285714286 0.4285714286 0.4285714286 0.4285714286 0.4285714286 
0.4857142857 0.4857142857 0.4857142857 0.5047619048 0.4952380952 0.4952380952 0.4857142857 0.4857142857 
0.4380952381 0.4380952381 0.4380952381 0.4380952381 0.4380952381 0.4380952381 0.4380952381 0.4380952381 
0.4571428571 0.4571428571 0.4571428571 0.4571428571 0.4571428571 0.4571428571 0.4571428571 0.4571428571 
0.4761904762 0.4761904762 0.4761904762 0.4761904762 0.4761904762 0.4761904762 0.4761904762 0.4761904762 
0.4238095238 0.4238095238 0.4238095238 0.4238095238 0.4238095238 0.4238095238 0.4238095238 0.4238095238 
0.4619047619 0.4619047619 0.4619047619 0.4619047619 0.4619047619 0.4619047619 0.4619047619 0.4619047619 
0.4619047619 0.4619047619 0.4619047619 0.4619047619 0.4619047619 0.4619047619 0.4619047619 0.4619047619 
0.4857142857 0.4857142857 0.4857142857 0.4857142857 0.4857142857 0.5047619048 0.4857142857 0.4857142857 
0.4571428571 0.4571428571 0.4571428571 0.4571428571 0.4571428571 0.4571428571 0.4571428571 0.4571428571 
0.4761904762 0.4761904762 0.5238095238 0.4761904762 0.5047619048 0.3428571429 0.3428571429 0.3428571429 
0.480952381 0.480952381 0.480952381 0.480952381 0.480952381 0.480952381 0.480952381 0.480952381 
0.4619047619 0.4619047619 0.4619047619 0.4619047619 0.4619047619 0.4619047619 0.4619047619 0.4619047619 
0.4285714286 0.4285714286 0.4285714286 0.4285714286 0.4285714286 0.4285714286 0.4285714286 0.4285714286 
0.4761904762 0.4761904762 0.4761904762 0.4761904762 0.4761904762 0.4761904762 0.4761904762 0.4761904762 
0.4619047619 0.4619047619 0.4619047619 0.4619047619 0.4619047619 0.4619047619 0.4619047619 0.4619047619 
