0.45 0.45 0.45 0.46 0.46 0.52 0.4866666667 0.45 
0.4616666667 0.4616666667 0.4616666667 0.465 0.4716666667 0.4616666667 0.4616666667 0.4616666667 
0.4616666667 0.4616666667 0.4616666667 0.4616666667 0.4616666667 0.465 0.465 0.4616666667 
0.45 0.45 0.45 0.45 0.45 0.45 0.45 0.45 
0.4533333333 0.4533333333 0.4533333333 0.4533333333 0.4533333333 0.4533333333 0.4533333333 0.4533333333 
0.4333333333 0.4333333333 0.4333333333 0.4333333333 0.4333333333 0.4333333333 0.4333333333 0.4333333333 
0.4716666667 0.4716666667 0.4883333333 0.4916666667 0.475 0.4716666667 0.4883333333 0.4716666667 
0.4216666667 0.4216666667 0.4216666667 0.4216666667 0.4216666667 0.4216666667 0.4216666667 0.4216666667 
0.4666666667 0.4666666667 0.4666666667 0.4666666667 0.4666666667 0.4666666667 0.4666666667 0.4666666667 
0.4783333333 0.4783333333 0.4816666667 0.4783333333 0.4816666667 0.495 0.4783333333 0.4783333333 
0.4416666667 0.4416666667 0.4416666667 0.4416666667 0.4416666667 0.4416666667 0.4416666667 0.4416666667 
0.4683333333 0.4716666667 0.4683333333 0.4683333333 0.4683333333 0.4683333333 0.4683333333 0.4683333333 
0.4483333333 0.4483333333 0.4483333333 0.4483333333 0.4483333333 0.4483333333 0.4483333333 0.4483333333 
0.46 0.46 0.46 0.4633333333 0.4633333333 0.46 0.46 0.46 
0.4583333333 0.4583333333 0.4616666667 0.4683333333 0.4616666667 0.4583333333 0.4616666667 0.4583333333 
0.4516666667 0.4516666667 0.4583333333 0.465 0.465 0.4583333333 0.4583333333 0.4516666667 
0.4333333333 0.44 0.4333333333 0.4333333333 0.4333333333 0.4333333333 0.4333333333 0.4333333333 
0.445 0.445 0.445 0.445 0.445 0.4616666667 0.4616666667 0.445 
0.4483333333 0.4483333333 0.4683333333 0.4783333333 0.4483333333 0.4683333333 0.4483333333 0.4483333333 
0.4316666667 0.435 0.4316666667 0.4316666667 0.4316666667 0.4316666667 0.4316666667 0.4316666667 
0.4516666667 0.4516666667 0.4516666667 0.4516666667 0.4516666667 0.4516666667 0.4516666667 0.4516666667 
0.425 0.425 0.425 0.425 0.425 0.425 0.425 0.425 
0.47 0.47 0.47 0.47 0.47 0.47 0.47 0.47 
0.4566666667 0.4566666667 0.4566666667 0.4566666667 0.4566666667 0.47 0.47 0.4566666667 
0.425 0.425 0.425 0.425 0.425 0.425 0.425 0.425 
0.4383333333 0.4383333333 0.445 0.4516666667 0.4383333333 0.4516666667 0.4383333333 0.4383333333 
0.4433333333 0.45 0.4433333333 0.4433333333 0.4433333333 0.4433333333 0.4433333333 0.4433333333 
0.44 0.44 0.44 0.44 0.44 0.44 0.44 0.44 
0.4466666667 0.4466666667 0.4466666667 0.4466666667 0.4466666667 0.4466666667 0.4466666667 0.4466666667 
0.4533333333 0.4566666667 0.4533333333 0.4533333333 0.4533333333 0.4666666667 0.4533333333 0.4533333333 
0.4433333333 0.4466666667 0.5533333333 0.5233333333 0.54 0.3566666667 0.1866666667 0.1866666667 
0.4233333333 0.4233333333 0.4233333333 0.4233333333 0.4233333333 0.4233333333 0.4233333333 0.4233333333 
0.43 0.43 0.43 0.43 0.43 0.43 0.43 0.43 
0.4383333333 0.4383333333 0.4383333333 0.4383333333 0.4383333333 0.4616666667 0.4616666667 0.4383333333 
0.4566666667 0.4566666667 0.4566666667 0.4566666667 0.4566666667 0.4566666667 0.4566666667 0.4566666667 
0.4433333333 0.4433333333 0.4433333333 0.4433333333 0.4433333333 0.4433333333 0.4433333333 0.4433333333 
