0.4416666667 0.4416666667 0.4416666667 0.4416666667 0.4416666667 0.4416666667 0.4416666667 0.4416666667 
0.4388888889 0.4388888889 0.4388888889 0.4388888889 0.4388888889 0.4388888889 0.4388888889 0.4388888889 
0.4722222222 0.4722222222 0.4722222222 0.4888888889 0.4888888889 0.4888888889 0.4888888889 0.4722222222 
0.4361111111 0.4361111111 0.4361111111 0.4361111111 0.4361111111 0.4361111111 0.4361111111 0.4361111111 
0.45 0.45 0.45 0.45 0.45 0.45 0.45 0.45 
0.4444444444 0.4444444444 0.4444444444 0.4444444444 0.4444444444 0.4444444444 0.4444444444 0.4444444444 
0.4611111111 0.4611111111 0.4611111111 0.4611111111 0.4611111111 0.4611111111 0.4611111111 0.4611111111 
0.475 0.475 0.475 0.475 0.475 0.4916666667 0.4916666667 0.475 
0.4472222222 0.4472222222 0.4583333333 0.4527777778 0.4472222222 0.4472222222 0.4583333333 0.4472222222 
0.4222222222 0.4222222222 0.4222222222 0.4222222222 0.4222222222 0.4222222222 0.4222222222 0.4222222222 
0.45 0.45 0.45 0.45 0.45 0.45 0.45 0.45 
0.4666666667 0.4666666667 0.4722222222 0.4722222222 0.4666666667 0.4666666667 0.4666666667 0.4666666667 
0.4722222222 0.4722222222 0.4722222222 0.4833333333 0.4833333333 0.4722222222 0.4722222222 0.4722222222 
0.475 0.475 0.475 0.4916666667 0.4805555556 0.475 0.475 0.475 
0.4555555556 0.4555555556 0.4555555556 0.4555555556 0.4555555556 0.4555555556 0.4555555556 0.4555555556 
0.4611111111 0.4611111111 0.4611111111 0.4777777778 0.4777777778 0.4611111111 0.4611111111 0.4611111111 
0.4527777778 0.4527777778 0.4527777778 0.4527777778 0.4527777778 0.4527777778 0.4527777778 0.4527777778 
0.4583333333 0.4583333333 0.4583333333 0.4694444444 0.4694444444 0.4583333333 0.4583333333 0.4583333333 
0.4555555556 0.4555555556 0.4555555556 0.4555555556 0.4555555556 0.4555555556 0.4555555556 0.4555555556 
0.4583333333 0.4583333333 0.4583333333 0.4583333333 0.4583333333 0.4583333333 0.4583333333 0.4583333333 
0.4361111111 0.4361111111 0.4361111111 0.4361111111 0.4361111111 0.4361111111 0.4361111111 0.4361111111 
0.4666666667 0.4666666667 0.4666666667 0.4666666667 0.4666666667 0.4777777778 0.4777777778 0.4666666667 
0.4444444444 0.4444444444 0.4444444444 0.4444444444 0.4444444444 0.4444444444 0.4444444444 0.4444444444 
0.475 0.475 0.475 0.5083333333 0.5083333333 0.4861111111 0.475 0.475 
0.4722222222 0.4722222222 0.4722222222 0.4722222222 0.4722222222 0.4722222222 0.4722222222 0.4722222222 
0.4472222222 0.4472222222 0.4472222222 0.4472222222 0.4472222222 0.4472222222 0.4472222222 0.4472222222 
0.4444444444 0.4444444444 0.4444444444 0.4444444444 0.4444444444 0.4444444444 0.4444444444 0.4444444444 
0.4305555556 0.4305555556 0.4305555556 0.4305555556 0.4305555556 0.4305555556 0.4305555556 0.4305555556 
0.4333333333 0.4333333333 0.4333333333 0.4333333333 0.4333333333 0.4333333333 0.4333333333 0.4333333333 
0.4583333333 0.4583333333 0.4583333333 0.4583333333 0.4583333333 0.4583333333 0.4583333333 0.4583333333 
0.4722222222 0.4722222222 0.5277777778 0.4888888889 0.5166666667 0.2444444444 0.2444444444 0.2444444444 
0.4361111111 0.4361111111 0.4361111111 0.4805555556 0.4527777778 0.4361111111 0.4361111111 0.4361111111 
0.4527777778 0.4527777778 0.4527777778 0.4527777778 0.4527777778 0.4527777778 0.4527777778 0.4527777778 
0.4527777778 0.4527777778 0.4527777778 0.4527777778 0.4527777778 0.4527777778 0.4527777778 0.4527777778 
0.475 0.475 0.475 0.475 0.475 0.4916666667 0.475 0.475 
0.45 0.45 0.45 0.45 0.45 0.45 0.45 0.45 
