0.42 0.42 0.42 0.42 0.42 0.42 0.42 0.42 
0.37 0.39 0.37 0.37 0.37 0.37 0.37 0.37 
0.36 0.36 0.36 0.36 0.36 0.36 0.36 0.36 
0.38 0.4 0.38 0.38 0.38 0.42 0.42 0.38 
0.41 0.41 0.41 0.41 0.41 0.41 0.41 0.41 
0.42 0.44 0.42 0.46 0.46 0.44 0.42 0.42 
0.35 0.35 0.35 0.35 0.35 0.35 0.35 0.35 
0.29 0.31 0.29 0.29 0.29 0.29 0.29 0.29 
0.38 0.38 0.38 0.38 0.38 0.4 0.38 0.38 
0.39 0.39 0.39 0.45 0.41 0.39 0.39 0.39 
0.37 0.37 0.37 0.37 0.37 0.37 0.37 0.37 
0.41 0.41 0.41 0.41 0.41 0.41 0.41 0.41 
0.36 0.36 0.36 0.36 0.36 0.36 0.36 0.36 
0.38 0.38 0.38 0.38 0.38 0.38 0.38 0.38 
0.36 0.36 0.36 0.4 0.4 0.38 0.38 0.36 
0.42 0.44 0.46 0.42 0.42 0.44 0.44 0.42 
0.37 0.37 0.37 0.37 0.37 0.39 0.39 0.37 
0.44 0.44 0.44 0.44 0.44 0.44 0.44 0.44 
0.44 0.44 0.44 0.44 0.44 0.46 0.44 0.44 
0.34 0.34 0.34 0.34 0.34 0.38 0.34 0.34 
0.37 0.37 0.37 0.37 0.37 0.37 0.37 0.37 
0.4 0.4 0.4 0.4 0.4 0.4 0.4 0.4 
0.42 0.42 0.42 0.46 0.42 0.42 0.42 0.42 
0.36 0.38 0.38 0.38 0.38 0.36 0.36 0.36 
0.33 0.33 0.33 0.33 0.33 0.33 0.33 0.33 
0.33 0.33 0.33 0.33 0.33 0.33 0.33 0.33 
0.4 0.4 0.4 0.44 0.44 0.4 0.4 0.4 
0.38 0.38 0.38 0.44 0.4 0.44 0.44 0.38 
0.36 0.36 0.36 0.4 0.4 0.36 0.36 0.36 
0.37 0.39 0.37 0.37 0.37 0.37 0.37 0.37 
0.43 0.43 0.57 0.49 0.53 0.34 0.17 0.17 
0.38 0.38 0.38 0.38 0.38 0.4 0.38 0.38 
0.39 0.39 0.39 0.41 0.41 0.43 0.43 0.39 
0.42 0.42 0.42 0.44 0.44 0.42 0.42 0.42 
0.36 0.36 0.36 0.36 0.36 0.36 0.36 0.36 
0.41 0.41 0.41 0.45 0.45 0.41 0.41 0.41 
