0.444047619 0.4607142857 0.444047619 0.4583333333 0.4535714286 0.4464285714 0.4488095238 0.444047619 
0.3904761905 0.4071428571 0.3904761905 0.3904761905 0.3904761905 0.3904761905 0.3904761905 0.3904761905 
0.4333333333 0.4452380952 0.4380952381 0.4380952381 0.4380952381 0.4333333333 0.4380952381 0.4333333333 
0.4178571429 0.4297619048 0.4178571429 0.4178571429 0.4226190476 0.4178571429 0.4178571429 0.4178571429 
0.4297619048 0.4392857143 0.4297619048 0.4297619048 0.4297619048 0.4369047619 0.4321428571 0.4297619048 
0.4130952381 0.4178571429 0.4130952381 0.4154761905 0.4154761905 0.4154761905 0.4154761905 0.4130952381 
0.4452380952 0.4547619048 0.4452380952 0.45 0.4571428571 0.4452380952 0.4452380952 0.4452380952 
0.4178571429 0.4273809524 0.425 0.4178571429 0.4178571429 0.4178571429 0.4178571429 0.4178571429 
0.3976190476 0.4142857143 0.4023809524 0.4 0.3976190476 0.4 0.4 0.3976190476 
0.4214285714 0.4261904762 0.4214285714 0.4238095238 0.4238095238 0.4238095238 0.4238095238 0.4214285714 
0.4535714286 0.4583333333 0.4583333333 0.4535714286 0.4535714286 0.4583333333 0.455952381 0.4535714286 
0.4464285714 0.4654761905 0.4511904762 0.455952381 0.4583333333 0.455952381 0.455952381 0.4511904762 
0.4107142857 0.4273809524 0.4202380952 0.4107142857 0.4107142857 0.4202380952 0.4202380952 0.4107142857 
0.4285714286 0.4404761905 0.430952381 0.430952381 0.430952381 0.4547619048 0.45 0.430952381 
0.4452380952 0.4523809524 0.4476190476 0.4452380952 0.4476190476 0.4476190476 0.4476190476 0.4452380952 
0.4202380952 0.4392857143 0.4202380952 0.4226190476 0.4202380952 0.444047619 0.444047619 0.4202380952 
0.4392857143 0.4488095238 0.4464285714 0.4392857143 0.4392857143 0.4416666667 0.4416666667 0.4392857143 
0.4214285714 0.4261904762 0.4214285714 0.4261904762 0.4261904762 0.4285714286 0.4285714286 0.4214285714 
0.4369047619 0.4583333333 0.4464285714 0.4416666667 0.4464285714 0.444047619 0.444047619 0.4416666667 
0.455952381 0.4607142857 0.4607142857 0.4583333333 0.4583333333 0.455952381 0.455952381 0.455952381 
0.3988095238 0.3988095238 0.3988095238 0.3988095238 0.3988095238 0.3988095238 0.3988095238 0.3988095238 
0.4428571429 0.4547619048 0.4428571429 0.4738095238 0.469047619 0.4595238095 0.4428571429 0.4428571429 
0.4404761905 0.4547619048 0.4547619048 0.4404761905 0.4404761905 0.4571428571 0.4547619048 0.4404761905 
0.4071428571 0.4166666667 0.4071428571 0.4071428571 0.4071428571 0.419047619 0.419047619 0.4071428571 
0.444047619 0.4535714286 0.444047619 0.4511904762 0.455952381 0.4511904762 0.4511904762 0.444047619 
0.4154761905 0.4297619048 0.4154761905 0.4178571429 0.4178571429 0.4202380952 0.4178571429 0.4154761905 
0.4130952381 0.4202380952 0.4130952381 0.4130952381 0.4130952381 0.4130952381 0.4130952381 0.4130952381 
0.4428571429 0.4452380952 0.4428571429 0.4428571429 0.4428571429 0.4452380952 0.4428571429 0.4428571429 
0.444047619 0.4583333333 0.4464285714 0.4464285714 0.4464285714 0.4464285714 0.444047619 0.444047619 
0.4392857143 0.444047619 0.4392857143 0.4416666667 0.4416666667 0.4416666667 0.4416666667 0.4392857143 
0.4107142857 0.4154761905 0.4107142857 0.4107142857 0.4107142857 0.4107142857 0.4107142857 0.4107142857 
0.4035714286 0.4154761905 0.4035714286 0.405952381 0.4130952381 0.4035714286 0.4035714286 0.4035714286 
0.4428571429 0.4595238095 0.4476190476 0.4476190476 0.45 0.4476190476 0.4476190476 0.4476190476 
