0.45 0.45 0.45 0.45 0.45 0.45 0.45 0.45 
0.4479166667 0.4479166667 0.4479166667 0.4479166667 0.4479166667 0.4479166667 0.4479166667 0.4479166667 
0.4583333333 0.4583333333 0.4583333333 0.4666666667 0.475 0.4583333333 0.4583333333 0.4583333333 
0.4833333333 0.4833333333 0.4833333333 0.5 0.4875 0.4958333333 0.4833333333 0.4833333333 
0.4708333333 0.4708333333 0.4708333333 0.5041666667 0.5041666667 0.4708333333 0.4708333333 0.4708333333 
0.4479166667 0.4479166667 0.4479166667 0.4479166667 0.4479166667 0.4479166667 0.4479166667 0.4479166667 
0.4833333333 0.4833333333 0.4958333333 0.4833333333 0.4958333333 0.4958333333 0.4958333333 0.4833333333 
0.4833333333 0.4833333333 0.4833333333 0.4833333333 0.4833333333 0.4875 0.4833333333 0.4833333333 
0.4666666667 0.4666666667 0.4666666667 0.4666666667 0.4666666667 0.4666666667 0.4666666667 0.4666666667 
0.4291666667 0.4291666667 0.4291666667 0.4291666667 0.4291666667 0.4291666667 0.4291666667 0.4291666667 
0.4541666667 0.4541666667 0.4541666667 0.4541666667 0.4541666667 0.4541666667 0.4541666667 0.4541666667 
0.4645833333 0.4645833333 0.4645833333 0.4645833333 0.4645833333 0.4645833333 0.4645833333 0.4645833333 
0.4729166667 0.4729166667 0.4729166667 0.4854166667 0.4854166667 0.4729166667 0.4729166667 0.4729166667 
0.4708333333 0.4708333333 0.4708333333 0.4875 0.475 0.4708333333 0.4708333333 0.4708333333 
0.4583333333 0.4583333333 0.4583333333 0.4583333333 0.4583333333 0.4583333333 0.4583333333 0.4583333333 
0.44375 0.44375 0.44375 0.44375 0.44375 0.44375 0.44375 0.44375 
0.4229166667 0.4229166667 0.4229166667 0.4229166667 0.4229166667 0.4229166667 0.4229166667 0.4229166667 
0.44375 0.44375 0.44375 0.44375 0.44375 0.44375 0.44375 0.44375 
0.4583333333 0.4583333333 0.4583333333 0.4583333333 0.4583333333 0.4583333333 0.4583333333 0.4583333333 
0.4666666667 0.4666666667 0.4666666667 0.4666666667 0.4666666667 0.4666666667 0.4666666667 0.4666666667 
0.4625 0.4625 0.4625 0.4625 0.4625 0.4625 0.4625 0.4625 
0.4541666667 0.4541666667 0.4541666667 0.4541666667 0.4541666667 0.4541666667 0.4541666667 0.4541666667 
0.44375 0.44375 0.44375 0.44375 0.44375 0.44375 0.44375 0.44375 
0.475 0.475 0.475 0.4791666667 0.4916666667 0.4916666667 0.475 0.475 
0.46875 0.46875 0.46875 0.46875 0.46875 0.46875 0.46875 0.46875 
0.45625 0.45625 0.45625 0.45625 0.45625 0.4604166667 0.4604166667 0.45625 
0.4541666667 0.4541666667 0.4541666667 0.4541666667 0.4541666667 0.4541666667 0.4541666667 0.4541666667 
0.4770833333 0.4770833333 0.4770833333 0.4770833333 0.4770833333 0.4770833333 0.4770833333 0.4770833333 
0.4479166667 0.4479166667 0.4479166667 0.4479166667 0.4479166667 0.4479166667 0.4479166667 0.4479166667 
0.4708333333 0.4708333333 0.4833333333 0.4708333333 0.4708333333 0.4708333333 0.4708333333 0.4708333333 
0.4541666667 0.4541666667 0.5458333333 0.4833333333 0.5 0.2229166667 0.2229166667 0.2229166667 
0.45 0.45 0.45 0.5333333333 0.5333333333 0.4583333333 0.45 0.45 
0.45 0.45 0.45 0.45 0.45 0.45 0.45 0.45 
0.4583333333 0.4583333333 0.4583333333 0.4583333333 0.4583333333 0.4583333333 0.4583333333 0.4583333333 
0.4708333333 0.4708333333 0.4708333333 0.4708333333 0.4708333333 0.5 0.5 0.4708333333 
0.4479166667 0.4479166667 0.4479166667 0.4479166667 0.4479166667 0.4479166667 0.4479166667 0.4479166667 
