0.4576719577 0.4608465608 0.4576719577 0.4576719577 0.4576719577 0.4576719577 0.4576719577 0.4576719577 
0.4613756614 0.4666666667 0.4613756614 0.4613756614 0.4613756614 0.471957672 0.471957672 0.4613756614 
0.4666666667 0.4687830688 0.4666666667 0.4687830688 0.471957672 0.4708994709 0.4666666667 0.4666666667 
0.4687830688 0.4708994709 0.4687830688 0.4687830688 0.4687830688 0.471957672 0.4687830688 0.4687830688 
0.4582010582 0.4603174603 0.4582010582 0.4613756614 0.4613756614 0.4592592593 0.4613756614 0.4582010582 
0.455026455 0.4560846561 0.4560846561 0.4592592593 0.4592592593 0.455026455 0.4582010582 0.455026455 
0.4751322751 0.4793650794 0.4814814815 0.4751322751 0.4772486772 0.4793650794 0.4825396825 0.4751322751 
0.4756613757 0.4767195767 0.4756613757 0.4756613757 0.4756613757 0.4767195767 0.4767195767 0.4756613757 
0.4402116402 0.4476190476 0.4476190476 0.4402116402 0.4402116402 0.4433862434 0.4402116402 0.4402116402 
0.4698412698 0.473015873 0.4698412698 0.473015873 0.4698412698 0.4708994709 0.4740740741 0.4698412698 
0.4693121693 0.4746031746 0.4693121693 0.4756613757 0.4756613757 0.4714285714 0.4756613757 0.4693121693 
0.4587301587 0.462962963 0.480952381 0.462962963 0.4756613757 0.462962963 0.4756613757 0.462962963 
0.4767195767 0.4767195767 0.4777777778 0.4777777778 0.480952381 0.4767195767 0.4767195767 0.4767195767 
0.4767195767 0.4798941799 0.4767195767 0.482010582 0.4925925926 0.4873015873 0.4767195767 0.4767195767 
0.4661375661 0.4682539683 0.4661375661 0.4682539683 0.4671957672 0.4661375661 0.4724867725 0.4661375661 
0.4582010582 0.4634920635 0.4634920635 0.4582010582 0.4582010582 0.4603174603 0.4582010582 0.4582010582 
0.4555555556 0.4597883598 0.4555555556 0.4597883598 0.4597883598 0.464021164 0.4555555556 0.4555555556 
0.4650793651 0.4703703704 0.4724867725 0.4650793651 0.4735449735 0.4671957672 0.4777777778 0.4650793651 
0.471957672 0.4772486772 0.4751322751 0.4857142857 0.4772486772 0.4761904762 0.4761904762 0.4751322751 
0.4698412698 0.471957672 0.471957672 0.4899470899 0.4920634921 0.4793650794 0.4793650794 0.471957672 
0.4687830688 0.4708994709 0.4687830688 0.4687830688 0.4687830688 0.471957672 0.4687830688 0.4687830688 
0.462962963 0.4671957672 0.4682539683 0.462962963 0.462962963 0.462962963 0.462962963 0.462962963 
0.4603174603 0.4613756614 0.4603174603 0.4645502646 0.4677248677 0.4677248677 0.4656084656 0.4603174603 
0.471957672 0.4761904762 0.4751322751 0.4899470899 0.4899470899 0.4814814815 0.471957672 0.471957672 
0.4724867725 0.4756613757 0.4756613757 0.4746031746 0.4746031746 0.4746031746 0.4756613757 0.4746031746 
0.453968254 0.4592592593 0.453968254 0.4613756614 0.453968254 0.453968254 0.453968254 0.453968254 
0.4666666667 0.4666666667 0.4666666667 0.4666666667 0.4666666667 0.4666666667 0.4666666667 0.4666666667 
0.4761904762 0.4761904762 0.491005291 0.4761904762 0.491005291 0.4857142857 0.4814814815 0.4761904762 
0.471957672 0.4751322751 0.473015873 0.471957672 0.471957672 0.473015873 0.473015873 0.471957672 
0.4534391534 0.4534391534 0.4534391534 0.4534391534 0.4534391534 0.4576719577 0.4576719577 0.4534391534 
0.462962963 0.4682539683 0.462962963 0.4661375661 0.4661375661 0.464021164 0.464021164 0.462962963 
0.4529100529 0.4560846561 0.4529100529 0.4529100529 0.4529100529 0.4529100529 0.4529100529 0.4529100529 
0.444973545 0.446031746 0.444973545 0.4481481481 0.4470899471 0.4481481481 0.444973545 0.444973545 
0.4571428571 0.4603174603 0.4571428571 0.4571428571 0.4571428571 0.4571428571 0.4571428571 0.4571428571 
