0.4278571429 0.4335714286 0.4307142857 0.4307142857 0.4307142857 0.4292857143 0.4292857143 0.4292857143 
0.4335714286 0.4392857143 0.4335714286 0.435 0.435 0.4335714286 0.4335714286 0.4335714286 
0.4142857143 0.4157142857 0.4157142857 0.4142857143 0.4142857143 0.4157142857 0.4157142857 0.4142857143 
0.4328571429 0.4442857143 0.4328571429 0.4357142857 0.4357142857 0.4328571429 0.4328571429 0.4328571429 
0.4621428571 0.4721428571 0.4835714286 0.4621428571 0.4621428571 0.4821428571 0.475 0.4621428571 
0.4485714286 0.4514285714 0.4514285714 0.45 0.45 0.45 0.4485714286 0.4485714286 
0.445 0.4478571429 0.4521428571 0.4521428571 0.4464285714 0.4464285714 0.4464285714 0.4464285714 
0.4621428571 0.4707142857 0.4621428571 0.4635714286 0.4678571429 0.4621428571 0.4621428571 0.4621428571 
0.4514285714 0.4628571429 0.4714285714 0.4557142857 0.4557142857 0.46 0.4557142857 0.4557142857 
0.435 0.4464285714 0.4364285714 0.4435714286 0.4435714286 0.4364285714 0.435 0.435 
0.4342857143 0.4471428571 0.4342857143 0.4371428571 0.4371428571 0.4557142857 0.4557142857 0.4342857143 
0.445 0.4521428571 0.4507142857 0.4535714286 0.4535714286 0.4535714286 0.4535714286 0.4507142857 
0.445 0.4478571429 0.445 0.445 0.445 0.4464285714 0.4464285714 0.445 
0.4585714286 0.4642857143 0.4585714286 0.4585714286 0.4585714286 0.4585714286 0.4585714286 0.4585714286 
0.4421428571 0.455 0.4421428571 0.4421428571 0.4421428571 0.4421428571 0.4421428571 0.4421428571 
0.44 0.4485714286 0.4414285714 0.4442857143 0.4428571429 0.4414285714 0.4442857143 0.4414285714 
0.445 0.4464285714 0.4464285714 0.4464285714 0.4478571429 0.445 0.4564285714 0.445 
0.4328571429 0.4414285714 0.4414285714 0.4328571429 0.4328571429 0.4414285714 0.4414285714 0.4328571429 
0.4328571429 0.44 0.44 0.4485714286 0.4485714286 0.4357142857 0.4328571429 0.4328571429 
0.4542857143 0.4628571429 0.4657142857 0.4585714286 0.4585714286 0.4542857143 0.4542857143 0.4542857143 
0.4457142857 0.4571428571 0.4585714286 0.4457142857 0.4457142857 0.4471428571 0.4471428571 0.4457142857 
0.4521428571 0.4621428571 0.455 0.4535714286 0.4535714286 0.4664285714 0.4621428571 0.4535714286 
0.4464285714 0.4592857143 0.4492857143 0.4707142857 0.4821428571 0.4507142857 0.4492857143 0.4492857143 
0.45 0.4571428571 0.45 0.45 0.45 0.45 0.45 0.45 
0.4721428571 0.4792857143 0.4721428571 0.4778571429 0.4792857143 0.475 0.4778571429 0.4721428571 
0.4371428571 0.4471428571 0.4371428571 0.4528571429 0.4428571429 0.4428571429 0.4371428571 0.4371428571 
0.4392857143 0.4421428571 0.4535714286 0.4392857143 0.4435714286 0.4392857143 0.4435714286 0.4392857143 
0.4435714286 0.455 0.4435714286 0.4435714286 0.4435714286 0.4721428571 0.4435714286 0.4435714286 
0.445 0.4535714286 0.445 0.4535714286 0.4535714286 0.4478571429 0.4478571429 0.445 
0.43 0.4357142857 0.43 0.43 0.43 0.4342857143 0.4342857143 0.43 
0.4578571429 0.4607142857 0.4592857143 0.4578571429 0.4578571429 0.4592857143 0.4592857143 0.4578571429 
0.4528571429 0.4585714286 0.4528571429 0.46 0.46 0.4571428571 0.4571428571 0.4528571429 
