0.4048275862 0.3951724138 0.391954023 0.396091954 0.3868965517 0.3850574713 0.3850574713 
0.4372413793 0.4206896552 0.4183908046 0.4248275862 0.4073563218 0.4022988506 0.4022988506 
0.423908046 0.4073563218 0.4032183908 0.4036781609 0.4013793103 0.3986206897 0.3986206897 
0.4243678161 0.3981609195 0.3977011494 0.3981609195 0.4027586207 0.4032183908 0.3977011494 
0.4172413793 0.4062068966 0.4016091954 0.4094252874 0.3947126437 0.3910344828 0.3910344828 
0.3965517241 0.3777011494 0.3726436782 0.3731034483 0.3731034483 0.3712643678 0.3712643678 
0.4411494253 0.4287356322 0.4172413793 0.4190804598 0.4131034483 0.4089655172 0.4089655172 
0.4108045977 0.391954023 0.3983908046 0.4043678161 0.3827586207 0.38 0.38 
0.4183908046 0.388045977 0.3825287356 0.3871264368 0.3751724138 0.3687356322 0.3687356322 
0.4172413793 0.387816092 0.3951724138 0.3928735632 0.3868965517 0.384137931 0.384137931 
0.4071264368 0.3928735632 0.3868965517 0.3868965517 0.3928735632 0.3882758621 0.3868965517 
0.4291954023 0.4131034483 0.4112643678 0.4098850575 0.408045977 0.3997701149 0.3997701149 
0.427816092 0.4190804598 0.4034482759 0.4048275862 0.4034482759 
0.3965517241 0.3951724138 0.391954023 0.3910344828 0.3910344828 
0.4167816092 0.4186206897 0.4149425287 0.4117241379 0.4117241379 
