0.4066666667 0.4066666667 0.4066666667 0.4066666667 0.4066666667 0.4066666667 0.4066666667 0.4066666667 
0.4466666667 0.4466666667 0.4466666667 0.4466666667 0.4466666667 0.4466666667 0.4466666667 0.4466666667 
0.4 0.4 0.4 0.4 0.4 0.4 0.4 0.4 
0.4466666667 0.4466666667 0.4466666667 0.4466666667 0.4466666667 0.4466666667 0.4466666667 0.4466666667 
0.4 0.4 0.4 0.4 0.4 0.4 0.4 0.4 
0.4533333333 0.4533333333 0.4533333333 0.4533333333 0.4533333333 0.4533333333 0.4533333333 0.4533333333 
0.3933333333 0.3933333333 0.3933333333 0.3933333333 0.3933333333 0.3933333333 0.3933333333 0.3933333333 
0.4933333333 0.4933333333 0.4933333333 0.4933333333 0.4933333333 0.4933333333 0.4933333333 0.4933333333 
0.3733333333 0.3733333333 0.3733333333 0.3733333333 0.3733333333 0.3733333333 0.3733333333 0.3733333333 
0.4333333333 0.4333333333 0.4333333333 0.4333333333 0.4333333333 0.4333333333 0.4333333333 0.4333333333 
0.4533333333 0.4533333333 0.4533333333 0.4533333333 0.4533333333 0.4533333333 0.4533333333 0.4533333333 
0.4866666667 0.4866666667 0.4866666667 0.4866666667 0.4866666667 0.4866666667 0.4866666667 0.4866666667 
0.4666666667 0.4666666667 0.4666666667 0.4666666667 0.4666666667 0.4666666667 0.4666666667 0.4666666667 
0.48 0.48 0.48 0.4933333333 0.5066666667 0.5066666667 0.48 0.48 
0.42 0.42 0.42 0.42 0.42 0.42 0.42 0.42 
0.4466666667 0.4466666667 0.4466666667 0.4466666667 0.4466666667 0.4466666667 0.4466666667 0.4466666667 
0.4266666667 0.4266666667 0.4266666667 0.4266666667 0.4266666667 0.4266666667 0.4266666667 0.4266666667 
0.4666666667 0.4666666667 0.4666666667 0.4666666667 0.4666666667 0.4666666667 0.4666666667 0.4666666667 
0.3733333333 0.3733333333 0.3733333333 0.3733333333 0.3733333333 0.3733333333 0.3733333333 0.3733333333 
0.4533333333 0.4533333333 0.4533333333 0.4533333333 0.4533333333 0.4533333333 0.4533333333 0.4533333333 
0.4466666667 0.4466666667 0.4466666667 0.4466666667 0.4466666667 0.4466666667 0.4466666667 0.4466666667 
0.44 0.44 0.44 0.44 0.44 0.44 0.44 0.44 
0.4133333333 0.4133333333 0.4133333333 0.4133333333 0.4133333333 0.4133333333 0.4133333333 0.4133333333 
0.4266666667 0.4266666667 0.4266666667 0.4266666667 0.4266666667 0.4266666667 0.4266666667 0.4266666667 
0.46 0.46 0.46 0.46 0.46 0.46 0.46 0.46 
0.4533333333 0.4533333333 0.4533333333 0.4533333333 0.4533333333 0.4533333333 0.4533333333 0.4533333333 
0.44 0.44 0.44 0.44 0.44 0.44 0.44 0.44 
0.4533333333 0.4533333333 0.4533333333 0.4533333333 0.4533333333 0.4533333333 0.4533333333 0.4533333333 
0.48 0.48 0.48 0.48 0.48 0.48 0.48 0.48 
0.4333333333 0.4333333333 0.4333333333 0.4333333333 0.4333333333 0.4333333333 0.4333333333 0.4333333333 
0.4733333333 0.4733333333 0.5266666667 0.5 0.5266666667 0.3533333333 0.3533333333 0.3533333333 
0.4733333333 0.4733333333 0.4733333333 0.4733333333 0.4733333333 0.4733333333 0.4733333333 0.4733333333 
0.44 0.44 0.44 0.44 0.44 0.44 0.44 0.44 
0.42 0.42 0.42 0.42 0.42 0.42 0.42 0.42 
0.4466666667 0.4466666667 0.4466666667 0.4466666667 0.4466666667 0.4466666667 0.4466666667 0.4466666667 
0.46 0.46 0.46 0.46 0.46 0.46 0.46 0.46 
