0.4023809524 0.4214285714 0.4071428571 0.4023809524 0.4023809524 0.4166666667 0.4023809524 0.4023809524 
0.3976190476 0.4023809524 0.3976190476 0.3976190476 0.3976190476 0.4071428571 0.4071428571 0.3976190476 
0.4095238095 0.4142857143 0.4095238095 0.4095238095 0.4095238095 0.4095238095 0.4095238095 0.4095238095 
0.4452380952 0.4642857143 0.4595238095 0.45 0.45 0.45 0.45 0.45 
0.419047619 0.4428571429 0.419047619 0.4238095238 0.4333333333 0.419047619 0.419047619 0.419047619 
0.4095238095 0.4285714286 0.4095238095 0.4238095238 0.4238095238 0.4095238095 0.4095238095 0.4095238095 
0.4214285714 0.4357142857 0.4214285714 0.4214285714 0.4261904762 0.4214285714 0.4214285714 0.4214285714 
0.4404761905 0.45 0.45 0.45 0.45 0.4452380952 0.4452380952 0.4452380952 
0.4119047619 0.4166666667 0.4166666667 0.4166666667 0.4166666667 0.4261904762 0.4166666667 0.4166666667 
0.4142857143 0.4142857143 0.4142857143 0.4142857143 0.4142857143 0.4142857143 0.4142857143 0.4142857143 
0.4 0.4047619048 0.4 0.4 0.4 0.4333333333 0.4 0.4 
0.4047619048 0.4047619048 0.4047619048 0.4047619048 0.4047619048 0.419047619 0.4047619048 0.4047619048 
0.4238095238 0.4333333333 0.4238095238 0.4238095238 0.4238095238 0.4238095238 0.4238095238 0.4238095238 
0.3761904762 0.4047619048 0.3761904762 0.3761904762 0.3761904762 0.3761904762 0.3761904762 0.3761904762 
0.4095238095 0.4238095238 0.4095238095 0.4142857143 0.4095238095 0.4095238095 0.4095238095 0.4095238095 
0.4357142857 0.4547619048 0.4357142857 0.4404761905 0.4404761905 0.4404761905 0.4452380952 0.4357142857 
0.4023809524 0.4166666667 0.4023809524 0.430952381 0.4595238095 0.4357142857 0.4023809524 0.4023809524 
0.4166666667 0.430952381 0.4214285714 0.430952381 0.430952381 0.4166666667 0.4166666667 0.4166666667 
0.4214285714 0.4452380952 0.4404761905 0.45 0.45 0.430952381 0.430952381 0.430952381 
0.4166666667 0.4214285714 0.4166666667 0.4166666667 0.430952381 0.4166666667 0.4166666667 0.4166666667 
0.4095238095 0.4285714286 0.419047619 0.4380952381 0.4380952381 0.4142857143 0.4095238095 0.4095238095 
0.4023809524 0.4119047619 0.4023809524 0.4023809524 0.4023809524 0.4023809524 0.4023809524 0.4023809524 
0.4428571429 0.4428571429 0.4428571429 0.4428571429 0.4428571429 0.4428571429 0.4428571429 0.4428571429 
0.3619047619 0.3714285714 0.3619047619 0.3619047619 0.3619047619 0.3619047619 0.3619047619 0.3619047619 
0.4380952381 0.4476190476 0.4380952381 0.4428571429 0.4476190476 0.4380952381 0.4380952381 0.4380952381 
0.4047619048 0.4095238095 0.4047619048 0.4047619048 0.4047619048 0.4333333333 0.4333333333 0.4047619048 
0.3833333333 0.4119047619 0.3976190476 0.3833333333 0.3833333333 0.3833333333 0.3833333333 0.3833333333 
0.4285714286 0.4333333333 0.4380952381 0.4380952381 0.4285714286 0.4333333333 0.4333333333 0.4285714286 
0.4428571429 0.4571428571 0.4428571429 0.4523809524 0.4523809524 0.4523809524 0.4523809524 0.4428571429 
0.4452380952 0.4547619048 0.4452380952 0.4452380952 0.4452380952 0.4452380952 0.4452380952 0.4452380952 
0.4404761905 0.4547619048 0.5452380952 0.1357142857 0.1357142857 0.1357142857 0.1357142857 0.1357142857 
0.3904761905 0.3904761905 0.3904761905 0.3904761905 0.3904761905 0.4047619048 0.4047619048 0.3904761905 
0.3904761905 0.4 0.3904761905 0.3904761905 0.3904761905 0.3904761905 0.3904761905 0.3904761905 
0.4095238095 0.4142857143 0.4095238095 0.4095238095 0.419047619 0.4142857143 0.419047619 0.4095238095 
0.3928571429 0.3976190476 0.3976190476 0.3928571429 0.3928571429 0.3976190476 0.3928571429 0.3928571429 
0.3880952381 0.4023809524 0.3928571429 0.3928571429 0.3928571429 0.3880952381 0.3880952381 0.3880952381 
