0.4557142857 0.4614285714 0.4557142857 0.4728571429 0.4614285714 0.4614285714 0.4557142857 0.4557142857 
0.4628571429 0.4628571429 0.4628571429 0.4628571429 0.4628571429 0.4628571429 0.4628571429 0.4628571429 
0.4528571429 0.4528571429 0.4528571429 0.4528571429 0.4528571429 0.4671428571 0.4671428571 0.4528571429 
0.44 0.44 0.44 0.44 0.44 0.44 0.44 0.44 
0.4771428571 0.4771428571 0.4771428571 0.4771428571 0.4771428571 0.4771428571 0.4771428571 0.4771428571 
0.4528571429 0.4528571429 0.4528571429 0.4528571429 0.4528571429 0.4528571429 0.4528571429 0.4528571429 
0.4514285714 0.4514285714 0.4628571429 0.4514285714 0.4628571429 0.4514285714 0.4628571429 0.4514285714 
0.4585714286 0.4614285714 0.4585714286 0.4671428571 0.4671428571 0.4642857143 0.4642857143 0.4585714286 
0.4757142857 0.4757142857 0.4757142857 0.4757142857 0.4757142857 0.4757142857 0.4757142857 0.4757142857 
0.4714285714 0.4714285714 0.4714285714 0.4714285714 0.4714285714 0.4885714286 0.4771428571 0.4714285714 
0.46 0.46 0.4628571429 0.4714285714 0.5142857143 0.4628571429 0.4685714286 0.46 
0.45 0.45 0.45 0.4728571429 0.4814285714 0.45 0.45 0.45 
0.4471428571 0.4471428571 0.4471428571 0.4471428571 0.4471428571 0.4528571429 0.4471428571 0.4471428571 
0.4628571429 0.4628571429 0.4628571429 0.4628571429 0.4628571429 0.4628571429 0.4628571429 0.4628571429 
0.4442857143 0.4442857143 0.45 0.45 0.4585714286 0.4585714286 0.4442857143 0.4442857143 
0.4585714286 0.4585714286 0.4585714286 0.4614285714 0.4614285714 0.4728571429 0.4728571429 0.4585714286 
0.43 0.4328571429 0.43 0.43 0.43 0.43 0.43 0.43 
0.4514285714 0.4542857143 0.4514285714 0.4514285714 0.4514285714 0.4514285714 0.4514285714 0.4514285714 
0.4514285714 0.4542857143 0.4514285714 0.4514285714 0.4514285714 0.4771428571 0.4514285714 0.4514285714 
0.4357142857 0.4357142857 0.4357142857 0.4357142857 0.4357142857 0.4357142857 0.4357142857 0.4357142857 
0.4557142857 0.4585714286 0.4557142857 0.4642857143 0.4985714286 0.4585714286 0.4585714286 0.4557142857 
0.4328571429 0.4328571429 0.4328571429 0.4328571429 0.4328571429 0.4357142857 0.4328571429 0.4328571429 
0.4557142857 0.4557142857 0.4557142857 0.4557142857 0.4557142857 0.4557142857 0.4557142857 0.4557142857 
0.4628571429 0.4628571429 0.4628571429 0.4685714286 0.52 0.4914285714 0.4914285714 0.4628571429 
0.4457142857 0.4457142857 0.4457142857 0.4457142857 0.4457142857 0.4457142857 0.4457142857 0.4457142857 
0.4357142857 0.4357142857 0.4385714286 0.4357142857 0.4385714286 0.4357142857 0.4385714286 0.4357142857 
0.4685714286 0.4685714286 0.4685714286 0.4685714286 0.4685714286 0.48 0.4685714286 0.4685714286 
0.4785714286 0.4785714286 0.4785714286 0.5042857143 0.4985714286 0.4985714286 0.4957142857 0.4785714286 
0.4342857143 0.4342857143 0.4342857143 0.4342857143 0.4342857143 0.4342857143 0.4342857143 0.4342857143 
0.4514285714 0.4514285714 0.4514285714 0.4514285714 0.4514285714 0.4514285714 0.4514285714 0.4514285714 
0.4514285714 0.4514285714 0.5485714286 0.5314285714 0.54 0.3585714286 0.1957142857 0.1957142857 
0.4514285714 0.4514285714 0.4514285714 0.4657142857 0.46 0.4514285714 0.4514285714 0.4514285714 
0.4514285714 0.4542857143 0.4514285714 0.4514285714 0.4514285714 0.4514285714 0.4514285714 0.4514285714 
0.4314285714 0.4314285714 0.4314285714 0.4314285714 0.4314285714 0.4314285714 0.4314285714 0.4314285714 
0.4657142857 0.4657142857 0.4657142857 0.4657142857 0.4657142857 0.4657142857 0.4657142857 0.4657142857 
0.4585714286 0.4614285714 0.4871428571 0.4585714286 0.4871428571 0.4585714286 0.4871428571 0.4585714286 
