0
2
16
18
20
24
27
29
36
39
42
44
48
49
53
54
55
60
61
69
70
72
73
76
79
80
84
87
90
91
99
102
103
104
107
112
118
119
122
123
124
125
129
132
134
135
136
139
140
141
142
143
144
145
149
151
153
158
160
161
163
164
168
169
170
173
180
182
185
187
189
192
196
197
198
200
202
204
205
208
209
210
212
215
216
219
220
221
222
227
228
229
230
232
233
234
235
236
237
238
239
240
243
244
246
250
251
252
253
254
256
257
262
263
264
265
266
268
270
272
275
276
278
279
281
287
289
290
291
292
294
295
296
297
300
301
303
305
307
309
310
311
313
314
315
323
326
328
329
330
331
334
336
337
339
340
344
345
349
351
355
359
360
361
362
363
364
365
366
367
368
369
370
371
372
373
374
375
376
384
387
390
391
392
395
396
398
400
404
405
407
408
410
414
416
419
420
421
427
428
431
432
433
434
435
438
439
440
441
442
443
444
445
446
447
453
454
455
456
457
459
460
462
469
470
471
472
473
474
477
478
483
485
488
492
495
496
497
501
502
505
506
512
513
514
515
516
517
518
519
520
521
522
523
524
525
526
527
528
529
530
531
532
533
534
535
536
537
538
539
540
541
542
543
544
545
546
547
548
549
550
551
552
553
554
555
556
557
558
559
560
561
562
563
564
565
566
567
568
569
570
571
572
573
574
575
576
577
578
579
580
581
582
583
584
585
586
587
588
589
590
591
592
593
594
595
596
597
598
599
600
601
602
603
604
605
606
607
608
609
610
611
612
613
614
615
616
617
618
619
620
621
622
623
624
625
626
627
628
629
630
631
632
633
634
635
636
637
638
639
640
641
642
643
644
645
646
647
648
649
650
651
652
653
654
655
656
657
658
659
660
661
662
663
664
665
666
667
668
669
670
671
672
673
674
675
676
677
678
679
680
681
682
683
684
685
686
687
688
689
690
691
692
693
694
695
696
697
698
699
700
701
702
703
704
705
706
707
708
709
710
711
712
713
714
715
716
717
718
719
720
721
722
723
724
725
726
727
728
729
730
731
732
733
734
735
736
737
738
739
740
741
742
743
744
745
746
747
748
749
750
751
752
753
754
755
756
757
758
759
760
761
762
763
764
765
766
767
