3
4
5
6
7
8
9
6.0  1.5e-04 1.5e-05  1.6e-04 1.5e-05  8.1e-06 7.0e-07  1.4e-05 1.2e-06  6.7e-06 4.6e-07  1.3e-05 1.1e-06  2.5e-04 2.8e-05
3
4
5
6
7
8
9
320.0  1.1e-02 2.7e-04  1.1e-02 2.9e-04  7.1e-04 9.8e-05  1.4e-03 1.3e-04  4.6e-03 3.8e-04  9.6e-03 6.0e-04  2.8e-02 8.5e-04
3
4
5
6
7
8
9
8.0  2.0e-04 1.6e-05  2.1e-04 1.6e-05  9.6e-06 1.0e-06  1.7e-05 1.4e-06  1.5e-05 2.8e-06  2.2e-05 3.1e-06  3.1e-04 3.7e-05
3
4
5
6
7
8
9
640.0  2.3e-02 5.1e-04  2.5e-02 5.4e-04  2.2e-03 4.2e-05  4.4e-03 7.3e-05  1.8e-02 1.6e-03  3.8e-02 2.6e-03  7.9e-02 2.7e-03
3
4
5
6
7
8
9
10.0  2.6e-04 1.0e-05  2.7e-04 9.9e-06  1.4e-05 3.5e-06  2.4e-05 3.7e-06  1.3e-05 3.8e-06  2.5e-05 3.6e-06  4.1e-04 2.0e-05
3
4
5
6
7
8
9
5120.0  2.2e-01 5.3e-03  3.4e-01 3.7e-03  1.1e-01 2.2e-03  2.3e-01 4.2e-03  1.1e+00 1.1e-01  2.4e+00 1.7e-01  3.1e+00 1.3e-01
3
4
5
6
7
8
9
7.0  1.7e-04 1.8e-05  1.8e-04 1.8e-05  9.3e-06 1.0e-06  2.2e-05 3.2e-06  9.0e-06 2.8e-06  1.6e-05 3.0e-06  2.8e-04 3.2e-05
3
4
5
6
7
8
9
160.0  5.1e-03 1.4e-04  5.3e-03 1.4e-04  2.1e-04 9.6e-06  4.3e-04 2.1e-05  1.3e-03 2.7e-04  2.5e-03 3.2e-04  1.1e-02 3.7e-04
3
4
5
6
7
8
9
1280.0  4.7e-02 1.1e-03  5.4e-02 1.2e-03  7.7e-03 4.7e-05  1.6e-02 2.8e-04  7.2e-02 6.5e-03  1.5e-01 1.0e-02  2.5e-01 9.2e-03
3
4
5
6
7
8
9
4.0  2.4e-04 9.6e-05  2.5e-04 1.0e-04  1.4e-05 5.4e-06  2.5e-05 9.8e-06  1.6e-05 6.5e-06  2.6e-05 1.0e-05  4.2e-04 2.0e-04
3
4
5
6
7
8
9
9.0  2.3e-04 1.0e-05  2.4e-04 1.1e-05  1.4e-05 3.2e-06  2.5e-05 2.5e-06  1.0e-05 4.0e-07  1.9e-05 9.8e-07  3.6e-04 1.7e-05
3
4
5
6
7
8
9
2560.0  9.8e-02 2.3e-03  1.3e-01 2.2e-03  2.9e-02 2.7e-04  5.8e-02 5.5e-04  2.8e-01 2.6e-02  5.9e-01 4.1e-02  8.5e-01 3.4e-02
3
4
5
6
7
8
9
80.0  2.4e-03 6.8e-05  2.5e-03 7.0e-05  8.2e-05 9.1e-06  1.6e-04 9.5e-06  3.2e-04 2.5e-05  6.6e-04 4.2e-05  4.5e-03 1.7e-04
3
4
5
6
7
8
9
20.0  5.2e-04 1.7e-05  5.4e-04 1.7e-05  1.9e-05 1.9e-06  3.9e-05 6.1e-06  2.7e-05 1.4e-06  5.5e-05 2.6e-06  8.6e-04 3.1e-05
3
4
5
6
7
8
9
40.0  1.1e-03 3.6e-05  1.2e-03 3.8e-05  3.4e-05 1.5e-06  6.8e-05 2.2e-06  9.1e-05 5.0e-06  1.9e-04 9.6e-06  2.0e-03 6.2e-05
3
4
5
6
7
8
9
5.0  2.5e-04 1.2e-04  2.6e-04 1.2e-04  1.1e-05 4.8e-06  1.9e-05 8.6e-06  8.5e-06 3.5e-06  1.6e-05 6.5e-06  3.7e-04 1.9e-04
