1280 1.41499 100000 0.045811 0.053231 0.00772 0.015325 0.069567 0.145927 0.243958 
1280 1.42287 100000 0.045407 0.052652 0.007707 0.015779 0.069413 0.145768 0.24367 
1280 1.41701 100000 0.046768 0.054764 0.007745 0.015428 0.069182 0.146271 0.245367 
1280 1.49946 100000 0.046981 0.054367 0.007703 0.015303 0.068993 0.14535 0.244443 
1280 1.41079 100000 0.046265 0.053538 0.007715 0.015388 0.069542 0.145761 0.242693 
1280 1.56296 100000 0.049404 0.056717 0.007799 0.016024 0.091155 0.180117 0.274028 
1280 1.41579 100000 0.045969 0.053158 0.007636 0.015248 0.06865 0.144706 0.240187 
1280 1.42385 100000 0.047486 0.055562 0.007769 0.015967 0.069694 0.14598 0.244693 
1280 1.41672 100000 0.047485 0.055009 0.007653 0.015594 0.06971 0.146215 0.244929 
1280 1.41619 100000 0.045725 0.052967 0.007682 0.01524 0.069536 0.145545 0.243422 
