640 0.346224 100000 0.022523 0.024545 0.002188 0.004421 0.017773 0.037159 0.078525 
640 0.346707 100000 0.022034 0.023982 0.00215 0.004412 0.017434 0.036772 0.077779 
640 0.350654 100000 0.022699 0.024701 0.00223 0.004371 0.017639 0.037139 0.07965 
640 0.368278 100000 0.023028 0.025011 0.00218 0.004586 0.018216 0.037687 0.079159 
640 0.344072 100000 0.022217 0.024209 0.00219 0.004368 0.017454 0.036709 0.078095 
640 0.386485 100000 0.023828 0.025959 0.002279 0.004418 0.02282 0.045492 0.087105 
640 0.346414 100000 0.0222 0.024174 0.002163 0.004341 0.01738 0.036424 0.077662 
640 0.346956 100000 0.022636 0.024637 0.002173 0.004422 0.017512 0.036844 0.078384 
640 0.344533 100000 0.022777 0.024756 0.002197 0.004424 0.018357 0.037587 0.078532 
640 0.345219 100000 0.022109 0.024178 0.002275 0.004543 0.017506 0.036634 0.077729 
