4 0.00032 0.00065 0.000288 0.000303 1.5e-05 2.7e-05 1.9e-05 3e-05 0.000579 
4 0.00022 0.000789 0.00029 0.000306 1.6e-05 2.8e-05 2e-05 3.2e-05 0.000458 
4 0.000372 0.000837 0.000411 0.000432 2.5e-05 4.6e-05 3e-05 4.8e-05 0.000869 
4 0.000253 0.000599 0.000296 0.000309 1.7e-05 3e-05 1.7e-05 2.8e-05 0.000485 
4 0.000331 0.000628 0.000216 0.000231 1.7e-05 2.9e-05 1.8e-05 2.9e-05 0.000427 
4 0.000168 0.00041 0.00013 0.000138 7e-06 1.2e-05 9e-06 1.5e-05 0.000188 
4 0.000347 0.000569 0.000286 0.000299 1.5e-05 2.7e-05 1.7e-05 2.8e-05 0.00045 
4 0.000251 0.000583 0.000292 0.000305 1.6e-05 2.8e-05 1.7e-05 2.7e-05 0.000461 
4 9.6e-05 0.000234 0.000105 0.000111 7e-06 1.3e-05 8e-06 1.2e-05 0.000168 
4 9.5e-05 0.000209 0.000102 0.000108 7e-06 1.3e-05 7e-06 1.3e-05 0.000163 
