320 0.083572 100000 0.010695 0.011323 0.000703 0.001349 0.004487 0.009348 0.027586 
320 0.081875 100000 0.010782 0.011428 0.000678 0.001312 0.004433 0.009255 0.027433 
320 0.101025 100000 0.010782 0.011336 0.000648 0.001279 0.004389 0.009171 0.028427 
320 0.086859 100000 0.010777 0.011351 0.000631 0.001259 0.004427 0.00945 0.027577 
320 0.083651 100000 0.01066 0.01151 0.000979 0.001721 0.004501 0.009345 0.027367 
320 0.092876 100000 0.011581 0.012256 0.000724 0.001378 0.00573 0.011322 0.030284 
320 0.08316 100000 0.010607 0.011201 0.000668 0.001301 0.00448 0.009388 0.027572 
320 0.083064 100000 0.010741 0.011301 0.000655 0.001303 0.0046 0.009668 0.027649 
320 0.082784 100000 0.010934 0.011607 0.000762 0.001485 0.004484 0.009244 0.027772 
320 0.083405 100000 0.010629 0.011196 0.000646 0.001268 0.004503 0.009424 0.027362 
