7 0.000126 0.052117 0.000127 0.000133 1.2e-05 1.8e-05 6e-06 1.2e-05 0.0002 
7 0.000104 0.069046 0.000174 0.000181 1e-05 2.4e-05 8e-06 1.5e-05 0.000285 
7 9.3e-05 0.071077 0.000179 0.000186 9e-06 2.2e-05 9e-06 1.6e-05 0.000324 
7 9.3e-05 0.071932 0.000179 0.000186 9e-06 2.3e-05 8e-06 1.4e-05 0.000282 
7 0.000134 0.06938 0.000178 0.000185 9e-06 2.4e-05 8e-06 1.4e-05 0.000282 
7 0.000101 0.078531 0.000203 0.000211 9e-06 2.5e-05 9e-06 1.6e-05 0.000317 
7 9.3e-05 0.068271 0.000175 0.000182 9e-06 2.6e-05 8e-06 1.5e-05 0.000274 
7 9.2e-05 0.072482 0.000178 0.000185 9e-06 2.3e-05 9e-06 1.6e-05 0.000281 
7 9.1e-05 0.070602 0.000178 0.000185 8e-06 1.5e-05 1.7e-05 2.4e-05 0.000295 
7 9e-05 0.071273 0.000176 0.000183 9e-06 2.2e-05 8e-06 1.4e-05 0.000288 
