2560 5.91246 100000 0.096896 0.12467 0.028819 0.05854 0.276079 0.587245 0.839335 
2560 5.94097 100000 0.096462 0.124083 0.028476 0.058093 0.277259 0.581738 0.844018 
2560 5.96873 100000 0.098603 0.126565 0.028316 0.057551 0.273883 0.574541 0.833739 
2560 6.33268 100000 0.097019 0.124569 0.028501 0.057984 0.2753 0.576778 0.838452 
2560 5.88993 100000 0.097706 0.125398 0.028546 0.057898 0.276158 0.579082 0.838413 
2560 6.45222 100000 0.104032 0.131527 0.028502 0.057977 0.361189 0.716941 0.950512 
2560 5.92082 100000 0.096208 0.123696 0.028493 0.057801 0.2751 0.576708 0.834973 
2560 5.95611 100000 0.099327 0.12705 0.029213 0.059583 0.275279 0.577688 0.839186 
2560 5.91483 100000 0.099555 0.127272 0.028996 0.058484 0.275641 0.578137 0.839419 
2560 5.93907 100000 0.096383 0.124171 0.028925 0.058583 0.276141 0.579949 0.842983 
