6 0.000329 0.008178 0.000107 0.000112 7e-06 1.2e-05 6e-06 1e-05 0.000179 
6 0.000218 0.011983 0.000149 0.000155 8e-06 1.4e-05 7e-06 1.3e-05 0.000244 
6 8e-05 0.009051 0.000153 0.000158 8e-06 1.4e-05 7e-06 1.3e-05 0.000248 
6 8.6e-05 0.008604 0.000152 0.000157 8e-06 1.5e-05 6e-06 1.2e-05 0.000245 
6 0.000217 0.010229 0.00015 0.000157 9e-06 1.6e-05 7e-06 1.3e-05 0.00025 
6 8.8e-05 0.009416 0.000169 0.000174 8e-06 1.5e-05 7e-06 1.3e-05 0.000277 
6 0.00011 0.010045 0.000154 0.000161 9e-06 1.5e-05 7e-06 1.4e-05 0.000286 
6 7.9e-05 0.009195 0.000153 0.000159 8e-06 1.4e-05 7e-06 1.3e-05 0.000249 
6 7.8e-05 0.009834 0.000154 0.000161 9e-06 1.6e-05 7e-06 1.3e-05 0.000253 
6 8.2e-05 0.008704 0.000151 0.000158 7e-06 1.3e-05 6e-06 1.1e-05 0.000276 
