9 0.000172 5.766492 0.000238 0.000247 1.7e-05 2.6e-05 1e-05 1.8e-05 0.000359 
9 0.000137 6.121592 0.000232 0.000241 1.8e-05 2.8e-05 1e-05 1.8e-05 0.00035 
9 0.000135 6.36211 0.000225 0.000234 1.9e-05 2.8e-05 1e-05 1.8e-05 0.000363 
9 0.000154 6.272251 0.000221 0.00023 1.1e-05 2.7e-05 1e-05 1.8e-05 0.00035 
9 0.000137 6.144636 0.000223 0.000231 1.7e-05 2.5e-05 1e-05 1.9e-05 0.000354 
9 0.000158 6.99064 0.000253 0.000262 1.7e-05 2.5e-05 1.1e-05 2e-05 0.000409 
9 0.000133 6.186323 0.000235 0.00025 1.2e-05 2.1e-05 1e-05 2.1e-05 0.00035 
9 0.000135 6.20494 0.000222 0.000231 1.2e-05 2e-05 1e-05 1.9e-05 0.000364 
9 0.000137 6.249157 0.000223 0.000232 1.1e-05 2.6e-05 1.1e-05 1.9e-05 0.000369 
9 0.000136 6.158469 0.000219 0.000227 1.1e-05 2.5e-05 1e-05 1.8e-05 0.000357 
