20 0.000452 100000 0.000516 0.000529 1.8e-05 5.7e-05 2.9e-05 5.8e-05 0.000833 
20 0.000421 100000 0.000509 0.000522 1.7e-05 3.6e-05 2.7e-05 5.4e-05 0.000852 
20 0.000414 100000 0.000519 0.000532 2e-05 3.7e-05 2.7e-05 5.8e-05 0.000906 
20 0.000443 100000 0.000525 0.000538 1.7e-05 3.6e-05 2.7e-05 5.5e-05 0.00087 
20 0.00046 100000 0.000538 0.000552 2.2e-05 3.8e-05 2.6e-05 5.2e-05 0.000834 
20 0.000517 100000 0.000569 0.000583 2.2e-05 4e-05 3e-05 6e-05 0.000916 
20 0.000459 100000 0.000515 0.000528 1.8e-05 3.7e-05 2.5e-05 5.3e-05 0.00083 
20 0.000439 100000 0.000524 0.000538 2.1e-05 3.6e-05 2.7e-05 5.2e-05 0.000834 
20 0.000416 100000 0.000524 0.000537 1.7e-05 3.6e-05 2.7e-05 5.5e-05 0.000846 
20 0.000423 100000 0.000509 0.000522 1.8e-05 3.7e-05 2.6e-05 5.5e-05 0.000829 
