80 0.005234 100000 0.002386 0.00245 8.3e-05 0.000165 0.00032 0.000656 0.004434 
80 0.005307 100000 0.002382 0.002448 7.9e-05 0.000157 0.000311 0.000635 0.004345 
80 0.005067 100000 0.002416 0.002477 7.7e-05 0.000153 0.000305 0.000625 0.004647 
80 0.005802 100000 0.002411 0.002472 7.8e-05 0.000155 0.000307 0.000636 0.004422 
80 0.005138 100000 0.002388 0.00245 7.4e-05 0.000149 0.000306 0.000628 0.004343 
80 0.005924 100000 0.00261 0.00268 8.5e-05 0.000166 0.000391 0.000777 0.004827 
80 0.005279 100000 0.002362 0.002424 7.8e-05 0.000156 0.000302 0.000648 0.004361 
80 0.005097 100000 0.002441 0.002508 8e-05 0.000159 0.000319 0.000658 0.004477 
80 0.005101 100000 0.002397 0.002463 0.000108 0.000185 0.000329 0.00067 0.004732 
80 0.005286 100000 0.002375 0.002441 8e-05 0.000159 0.000339 0.000679 0.004358 
