0.36 0.37 0.43 0.475 0.475 0.43 0.42 0.37 
0.37 0.375 0.405 0.46 0.46 0.43 0.4 0.375 
0.335 0.345 0.355 0.38 0.4 0.41 0.355 0.345 
0.365 0.39 0.4 0.405 0.405 0.41 0.41 0.39 
0.39 0.395 0.43 0.435 0.435 0.435 0.435 0.395 
0.34 0.37 0.365 0.34 0.34 0.34 0.34 0.34 
0.33 0.385 0.41 0.365 0.365 0.44 0.415 0.365 
0.425 0.44 0.46 0.46 0.46 0.47 0.47 0.44 
0.345 0.37 0.445 0.41 0.41 0.46 0.39 0.37 
0.395 0.4 0.435 0.46 0.46 0.425 0.415 0.4 
0.39 0.435 0.42 0.425 0.425 0.425 0.425 0.42 
0.37 0.385 0.37 0.37 0.37 0.37 0.37 0.37 
0.365 0.39 0.395 0.395 0.385 0.415 0.39 0.385 
0.36 0.41 0.41 0.39 0.39 0.41 0.41 0.39 
0.41 0.43 0.46 0.46 0.48 0.465 0.465 0.43 
0.38 0.4 0.38 0.42 0.4 0.4 0.38 0.38 
0.42 0.45 0.465 0.43 0.485 0.49 0.47 0.43 
0.38 0.4 0.395 0.42 0.42 0.415 0.415 0.395 
0.335 0.35 0.375 0.415 0.345 0.345 0.375 0.345 
0.38 0.41 0.425 0.42 0.42 0.515 0.51 0.41 
0.305 0.35 0.315 0.42 0.42 0.4 0.405 0.315 
0.385 0.41 0.4 0.41 0.41 0.435 0.4 0.4 
0.415 0.42 0.47 0.455 0.47 0.49 0.49 0.42 
0.37 0.415 0.42 0.37 0.37 0.42 0.42 0.37 
0.41 0.445 0.49 0.49 0.485 0.475 0.49 0.445 
0.42 0.425 0.43 0.43 0.43 0.43 0.43 0.425 
0.36 0.39 0.41 0.46 0.41 0.46 0.41 0.39 
0.41 0.435 0.5 0.5 0.5 0.49 0.49 0.435 
0.36 0.405 0.425 0.425 0.425 0.425 0.425 0.405 
