0.4514285714 0.4542857143 0.4642857143 0.46 0.4528571429 0.4628571429 0.4628571429 0.4528571429 
0.4314285714 0.4357142857 0.4357142857 0.4542857143 0.4314285714 0.44 0.4371428571 0.4314285714 
0.3957142857 0.4128571429 0.4157142857 0.4157142857 0.4157142857 0.4085714286 0.3957142857 0.3957142857 
0.4714285714 0.4771428571 0.49 0.49 0.4828571429 0.4828571429 0.49 0.4771428571 
0.4171428571 0.4357142857 0.4385714286 0.4457142857 0.4571428571 0.4385714286 0.4385714286 0.4357142857 
0.4571428571 0.46 0.4685714286 0.4685714286 0.4742857143 0.4657142857 0.4685714286 0.46 
0.4371428571 0.4414285714 0.4414285714 0.4614285714 0.46 0.4414285714 0.4414285714 0.4414285714 
0.4328571429 0.4342857143 0.4371428571 0.4414285714 0.4414285714 0.4414285714 0.4414285714 0.4342857143 
0.4 0.4114285714 0.4228571429 0.4228571429 0.4228571429 0.4228571429 0.4228571429 0.4114285714 
0.4228571429 0.4285714286 0.4485714286 0.4271428571 0.4614285714 0.4657142857 0.4657142857 0.4271428571 
0.4614285714 0.4728571429 0.4828571429 0.48 0.4914285714 0.4642857143 0.4642857143 0.4642857143 
0.4585714286 0.4642857143 0.4942857143 0.49 0.49 0.4942857143 0.5028571429 0.4642857143 
0.44 0.4514285714 0.4528571429 0.4614285714 0.4528571429 0.4614285714 0.4528571429 0.4514285714 
0.4357142857 0.4542857143 0.4942857143 0.46 0.4485714286 0.4814285714 0.46 0.4485714286 
0.4428571429 0.4471428571 0.4514285714 0.4728571429 0.4714285714 0.4514285714 0.4514285714 0.4471428571 
0.4228571429 0.4285714286 0.4257142857 0.4257142857 0.4257142857 0.4385714286 0.4257142857 0.4257142857 
0.45 0.46 0.4757142857 0.4885714286 0.5042857143 0.4714285714 0.4714285714 0.46 
0.4442857143 0.4657142857 0.46 0.4842857143 0.4757142857 0.4742857143 0.4671428571 0.46 
0.4614285714 0.4671428571 0.49 0.4885714286 0.5 0.4857142857 0.49 0.4671428571 
0.4514285714 0.4528571429 0.5114285714 0.5114285714 0.5114285714 0.5114285714 0.5114285714 0.4528571429 
0.45 0.4585714286 0.48 0.4742857143 0.4742857143 0.4642857143 0.4728571429 0.4585714286 
0.4528571429 0.46 0.4828571429 0.4828571429 0.4928571429 0.4828571429 0.4928571429 0.46 
0.4242857143 0.4242857143 0.4471428571 0.4314285714 0.4242857143 0.4471428571 0.4471428571 0.4242857143 
0.4328571429 0.4442857143 0.4414285714 0.4485714286 0.4471428571 0.4485714286 0.4485714286 0.4414285714 
0.4485714286 0.4485714286 0.4714285714 0.4814285714 0.47 0.4785714286 0.4828571429 0.4485714286 
0.45 0.4542857143 0.4942857143 0.4814285714 0.4814285714 0.4885714286 0.4885714286 0.4542857143 
0.4128571429 0.43 0.4457142857 0.4442857143 0.4442857143 0.4628571429 0.4628571429 0.43 
0.4414285714 0.4528571429 0.4671428571 0.4657142857 0.4814285714 0.4542857143 0.4542857143 0.4528571429 
0.4542857143 0.4657142857 0.46 0.46 0.46 0.46 0.46 0.46 
