0.4166666667 0.4416666667 0.425 0.425 0.425 0.4166666667 0.4166666667 0.4166666667 
0.3666666667 0.375 0.475 0.475 0.475 0.475 0.475 0.375 
0.375 0.375 0.4666666667 0.4666666667 0.4666666667 0.4666666667 0.4666666667 0.375 
0.3916666667 0.45 0.525 0.5583333333 0.5083333333 0.525 0.55 0.45 
0.3666666667 0.375 0.3833333333 0.525 0.525 0.425 0.425 0.375 
0.35 0.4166666667 0.425 0.425 0.425 0.425 0.425 0.4166666667 
0.35 0.3666666667 0.425 0.425 0.425 0.425 0.425 0.3666666667 
0.3833333333 0.4416666667 0.4583333333 0.4583333333 0.4583333333 0.4583333333 0.4583333333 0.4416666667 
0.4166666667 0.4333333333 0.4166666667 0.425 0.425 0.425 0.425 0.4166666667 
0.3583333333 0.3583333333 0.4 0.3916666667 0.3833333333 0.3833333333 0.3833333333 0.3583333333 
0.3833333333 0.4 0.4333333333 0.4333333333 0.4333333333 0.4333333333 0.4333333333 0.4 
0.4 0.4 0.4166666667 0.4166666667 0.4166666667 0.4166666667 0.4166666667 0.4 
0.4 0.4 0.4 0.4083333333 0.4083333333 0.4083333333 0.4083333333 0.4 
0.3583333333 0.3666666667 0.3666666667 0.4083333333 0.4083333333 0.4083333333 0.4083333333 0.3666666667 
0.3916666667 0.4083333333 0.425 0.425 0.425 0.425 0.425 0.4083333333 
0.4083333333 0.425 0.4833333333 0.5 0.5 0.4416666667 0.45 0.425 
0.3916666667 0.4083333333 0.4333333333 0.4333333333 0.4333333333 0.4333333333 0.4333333333 0.4083333333 
0.3666666667 0.4083333333 0.3833333333 0.3666666667 0.3666666667 0.3666666667 0.3666666667 0.3666666667 
0.425 0.425 0.425 0.425 0.425 0.5 0.4416666667 0.425 
0.3666666667 0.3666666667 0.4333333333 0.3666666667 0.4333333333 0.425 0.4666666667 0.3666666667 
0.325 0.325 0.3333333333 0.3916666667 0.325 0.3333333333 0.3333333333 0.325 
0.325 0.3666666667 0.5 0.525 0.525 0.4833333333 0.5 0.3666666667 
0.4333333333 0.4416666667 0.475 0.5083333333 0.4416666667 0.4666666667 0.475 0.4416666667 
0.3833333333 0.3833333333 0.4166666667 0.4166666667 0.4166666667 0.4166666667 0.4166666667 0.3833333333 
0.325 0.3833333333 0.3833333333 0.4083333333 0.4083333333 0.3833333333 0.3833333333 0.3833333333 
0.2916666667 0.3083333333 0.2916666667 0.2916666667 0.2916666667 0.2916666667 0.2916666667 0.2916666667 
0.3666666667 0.4 0.4833333333 0.4833333333 0.4833333333 0.5083333333 0.5083333333 0.4 
0.4166666667 0.425 0.4166666667 0.4833333333 0.4666666667 0.45 0.45 0.4166666667 
0.4083333333 0.4166666667 0.525 0.4333333333 0.4333333333 0.425 0.4666666667 0.4166666667 
