0.4 0.4111111111 0.4333333333 0.4333333333 0.4333333333 0.4 0.4 0.4 
0.3888888889 0.4 0.4777777778 0.4777777778 0.4777777778 0.5222222222 0.5222222222 0.4 
0.3666666667 0.3666666667 0.3777777778 0.3777777778 0.3777777778 0.4444444444 0.3777777778 0.3666666667 
0.3444444444 0.3666666667 0.5333333333 0.5222222222 0.5222222222 0.5333333333 0.5333333333 0.3666666667 
0.3666666667 0.3666666667 0.3666666667 0.3666666667 0.3666666667 0.3666666667 0.3666666667 0.3666666667 
0.4 0.4222222222 0.4111111111 0.4111111111 0.4111111111 0.4111111111 0.4111111111 0.4111111111 
0.2888888889 0.3 0.5333333333 0.5333333333 0.4555555556 0.4555555556 0.2888888889 0.2888888889 
0.3222222222 0.3222222222 0.3888888889 0.3888888889 0.3888888889 0.3888888889 0.3888888889 0.3222222222 
0.3555555556 0.3555555556 0.4666666667 0.5333333333 0.5333333333 0.4 0.4444444444 0.3555555556 
0.3444444444 0.3888888889 0.4111111111 0.4333333333 0.3444444444 0.4555555556 0.3888888889 0.3444444444 
0.4 0.4111111111 0.4333333333 0.5 0.5 0.4444444444 0.4333333333 0.4111111111 
0.3888888889 0.4 0.4111111111 0.4111111111 0.4111111111 0.4111111111 0.4111111111 0.4 
0.3777777778 0.3777777778 0.3777777778 0.4555555556 0.4555555556 0.4111111111 0.4111111111 0.3777777778 
0.3777777778 0.3777777778 0.4 0.4 0.4 0.4 0.4 0.3777777778 
0.3666666667 0.4111111111 0.4777777778 0.4444444444 0.4111111111 0.4777777778 0.4444444444 0.4111111111 
0.4 0.4 0.5111111111 0.4 0.5111111111 0.4666666667 0.4666666667 0.4 
0.4 0.4 0.4 0.4 0.4 0.4222222222 0.4222222222 0.4 
0.4 0.4222222222 0.4666666667 0.5333333333 0.5333333333 0.5333333333 0.5333333333 0.4222222222 
0.4111111111 0.4222222222 0.4111111111 0.4111111111 0.4111111111 0.4111111111 0.4111111111 0.4111111111 
0.3555555556 0.3888888889 0.4111111111 0.3888888889 0.4111111111 0.5 0.5 0.3888888889 
0.4333333333 0.4333333333 0.4333333333 0.4333333333 0.4777777778 0.4444444444 0.4777777778 0.4333333333 
0.3444444444 0.3777777778 0.3777777778 0.3444444444 0.3444444444 0.3777777778 0.3777777778 0.3444444444 
0.4 0.4 0.4222222222 0.4444444444 0.4444444444 0.4333333333 0.4333333333 0.4 
0.3555555556 0.4 0.4222222222 0.4222222222 0.4222222222 0.4222222222 0.4222222222 0.4 
0.4555555556 0.4666666667 0.5111111111 0.5111111111 0.5111111111 0.5111111111 0.5111111111 0.4666666667 
0.4111111111 0.4333333333 0.4444444444 0.4444444444 0.4444444444 0.4444444444 0.4444444444 0.4333333333 
0.3888888889 0.3888888889 0.4222222222 0.4333333333 0.4333333333 0.4222222222 0.4222222222 0.3888888889 
0.4222222222 0.4333333333 0.4777777778 0.5 0.5 0.4777777778 0.4777777778 0.4333333333 
0.4 0.4222222222 0.5 0.5111111111 0.4888888889 0.4444444444 0.5111111111 0.4222222222 
