0.4459259259 0.4466666667 0.4525925926 0.4607407407 0.4607407407 0.4555555556 0.4614814815 0.4466666667 
0.4703703704 0.48 0.497037037 0.4977777778 0.4896296296 0.4977777778 0.4896296296 0.48 
0.46 0.4711111111 0.4607407407 0.4607407407 0.4607407407 0.4733333333 0.4607407407 0.4607407407 
0.4362962963 0.4466666667 0.4777777778 0.462962963 0.462962963 0.4903703704 0.4718518519 0.4466666667 
0.4651851852 0.4755555556 0.4762962963 0.4755555556 0.4725925926 0.4748148148 0.4755555556 0.4725925926 
0.4525925926 0.4651851852 0.4533333333 0.4548148148 0.4533333333 0.4562962963 0.4562962963 0.4533333333 
0.4518518519 0.4562962963 0.4614814815 0.4740740741 0.4740740741 0.4622222222 0.4622222222 0.4562962963 
0.4696296296 0.4777777778 0.4851851852 0.4866666667 0.4985185185 0.4777777778 0.4807407407 0.4777777778 
0.4607407407 0.4622222222 0.4940740741 0.4933333333 0.4933333333 0.4896296296 0.4822222222 0.4622222222 
0.46 0.4703703704 0.4725925926 0.4851851852 0.4725925926 0.4851851852 0.4725925926 0.4703703704 
0.4555555556 0.4555555556 0.4666666667 0.4807407407 0.4666666667 0.4807407407 0.4666666667 0.4555555556 
0.4585185185 0.4614814815 0.4688888889 0.4933333333 0.4933333333 0.4933333333 0.4933333333 0.4614814815 
0.4340740741 0.44 0.4955555556 0.4562962963 0.4955555556 0.4607407407 0.4555555556 0.44 
0.4607407407 0.4651851852 0.4681481481 0.4711111111 0.4688888889 0.4681481481 0.4681481481 0.4651851852 
0.4577777778 0.4659259259 0.4888888889 0.4822222222 0.4822222222 0.4851851852 0.4911111111 0.4659259259 
0.4481481481 0.4585185185 0.4525925926 0.4681481481 0.4674074074 0.4674074074 0.4681481481 0.4525925926 
0.4622222222 0.4696296296 0.4711111111 0.4881481481 0.4881481481 0.4888888889 0.4762962963 0.4696296296 
0.4711111111 0.477037037 0.4807407407 0.4792592593 0.4792592593 0.482962963 0.482962963 0.477037037 
0.4474074074 0.4488888889 0.4711111111 0.4622222222 0.4622222222 0.4644444444 0.4711111111 0.4488888889 
0.4585185185 0.4674074074 0.4762962963 0.4888888889 0.4888888889 0.4888888889 0.4888888889 0.4674074074 
0.4355555556 0.4444444444 0.4585185185 0.477037037 0.4740740741 0.4703703704 0.4740740741 0.4444444444 
0.4503703704 0.4592592593 0.4762962963 0.4762962963 0.48 0.4762962963 0.48 0.4592592593 
0.4414814815 0.4518518519 0.4511111111 0.4474074074 0.4474074074 0.4562962963 0.4496296296 0.4474074074 
0.4437037037 0.4474074074 0.4503703704 0.4540740741 0.462962963 0.462962963 0.4585185185 0.4474074074 
0.4644444444 0.4696296296 0.4644444444 0.497037037 0.497037037 0.4740740741 0.4674074074 0.4644444444 
0.4718518519 0.4740740741 0.4733333333 0.4733333333 0.4733333333 0.4733333333 0.4733333333 0.4733333333 
0.4644444444 0.4703703704 0.482962963 0.4807407407 0.4807407407 0.4851851852 0.4896296296 0.4703703704 
0.4474074074 0.457037037 0.4511111111 0.4525925926 0.4525925926 0.4511111111 0.4511111111 0.4511111111 
0.4303703704 0.4407407407 0.4488888889 0.4362962963 0.4362962963 0.4607407407 0.4607407407 0.4362962963 
