0.432 0.438 0.464 0.46 0.464 0.47 0.47 0.438 
0.412 0.43 0.42 0.428 0.438 0.448 0.434 0.42 
0.386 0.386 0.398 0.398 0.398 0.398 0.398 0.386 
0.424 0.434 0.454 0.454 0.486 0.486 0.456 0.434 
0.44 0.446 0.474 0.478 0.478 0.482 0.478 0.446 
0.434 0.458 0.46 0.452 0.444 0.45 0.45 0.444 
0.446 0.452 0.47 0.456 0.45 0.46 0.476 0.45 
0.424 0.44 0.472 0.456 0.456 0.456 0.456 0.44 
0.418 0.43 0.458 0.458 0.428 0.428 0.434 0.428 
0.414 0.424 0.446 0.452 0.452 0.416 0.446 0.416 
0.42 0.434 0.42 0.422 0.422 0.422 0.422 0.42 
0.418 0.43 0.43 0.43 0.43 0.478 0.482 0.43 
0.442 0.456 0.466 0.47 0.47 0.47 0.47 0.456 
0.418 0.432 0.478 0.484 0.444 0.446 0.446 0.432 
0.432 0.434 0.454 0.45 0.45 0.454 0.454 0.434 
0.448 0.448 0.484 0.456 0.456 0.456 0.456 0.448 
0.436 0.45 0.444 0.464 0.478 0.444 0.436 0.436 
0.418 0.426 0.422 0.418 0.418 0.418 0.418 0.418 
0.396 0.41 0.496 0.46 0.46 0.512 0.448 0.41 
0.43 0.448 0.468 0.468 0.468 0.474 0.478 0.448 
0.422 0.432 0.438 0.448 0.448 0.438 0.438 0.432 
0.438 0.452 0.464 0.438 0.442 0.448 0.464 0.438 
0.42 0.422 0.444 0.464 0.47 0.47 0.452 0.422 
0.414 0.414 0.464 0.426 0.44 0.446 0.442 0.414 
0.408 0.414 0.46 0.458 0.46 0.46 0.46 0.414 
0.396 0.402 0.412 0.412 0.412 0.412 0.412 0.402 
0.432 0.438 0.438 0.448 0.436 0.434 0.45 0.434 
0.426 0.438 0.472 0.472 0.46 0.456 0.472 0.438 
0.414 0.434 0.466 0.434 0.434 0.466 0.454 0.434 
