0.4166666667 0.4333333333 0.4333333333 0.475 0.475 0.4166666667 0.475 0.4166666667 
0.4333333333 0.4416666667 0.45 0.45 0.45 0.4833333333 0.4833333333 0.4416666667 
0.3916666667 0.3916666667 0.4333333333 0.4833333333 0.4 0.4333333333 0.4333333333 0.3916666667 
0.4333333333 0.4333333333 0.4333333333 0.4333333333 0.4333333333 0.4333333333 0.4333333333 0.4333333333 
0.4416666667 0.45 0.5 0.4916666667 0.5 0.4916666667 0.5 0.45 
0.4 0.4166666667 0.4333333333 0.4416666667 0.4083333333 0.4333333333 0.4416666667 0.4083333333 
0.4 0.4 0.4166666667 0.4833333333 0.4833333333 0.4166666667 0.4166666667 0.4 
0.35 0.35 0.4333333333 0.4333333333 0.4333333333 0.4666666667 0.4666666667 0.35 
0.3916666667 0.425 0.4083333333 0.4083333333 0.4083333333 0.4083333333 0.4083333333 0.4083333333 
0.3833333333 0.4166666667 0.4666666667 0.4166666667 0.4666666667 0.4666666667 0.4166666667 0.4166666667 
0.4333333333 0.4333333333 0.45 0.45 0.4833333333 0.45 0.45 0.4333333333 
0.3666666667 0.4 0.4 0.4583333333 0.4583333333 0.5166666667 0.5166666667 0.4 
0.3583333333 0.375 0.4083333333 0.425 0.3583333333 0.425 0.3583333333 0.3583333333 
0.375 0.375 0.425 0.3916666667 0.425 0.425 0.45 0.375 
0.4083333333 0.4083333333 0.4083333333 0.4166666667 0.4083333333 0.5083333333 0.4583333333 0.4083333333 
0.425 0.425 0.4833333333 0.475 0.425 0.425 0.4833333333 0.425 
0.375 0.3833333333 0.4 0.4 0.4 0.4 0.4 0.3833333333 
0.35 0.35 0.35 0.35 0.35 0.35 0.35 0.35 
0.425 0.425 0.4416666667 0.4416666667 0.4416666667 0.4416666667 0.4416666667 0.425 
0.4083333333 0.4166666667 0.4416666667 0.4416666667 0.4416666667 0.4416666667 0.4416666667 0.4166666667 
0.3916666667 0.3916666667 0.3916666667 0.3916666667 0.3916666667 0.3916666667 0.3916666667 0.3916666667 
0.3416666667 0.3833333333 0.3833333333 0.3833333333 0.3833333333 0.3833333333 0.3833333333 0.3833333333 
0.4083333333 0.425 0.4583333333 0.4583333333 0.4583333333 0.4583333333 0.4583333333 0.425 
0.4166666667 0.4166666667 0.4666666667 0.475 0.475 0.4666666667 0.4666666667 0.4166666667 
0.3916666667 0.4083333333 0.4166666667 0.4416666667 0.4416666667 0.4416666667 0.4416666667 0.4083333333 
0.4166666667 0.425 0.4916666667 0.4916666667 0.4916666667 0.4916666667 0.4916666667 0.425 
0.3666666667 0.3666666667 0.4 0.4 0.4 0.4 0.4 0.3666666667 
0.425 0.425 0.45 0.4583333333 0.4583333333 0.45 0.45 0.425 
0.4083333333 0.4333333333 0.5 0.5 0.4916666667 0.4583333333 0.4916666667 0.4333333333 
