0.4601190476 0.4660714286 0.4732142857 0.4755952381 0.4755952381 0.4732142857 0.4732142857 0.4660714286 
0.456547619 0.4619047619 0.4630952381 0.4666666667 0.4696428571 0.469047619 0.4696428571 0.4619047619 
0.4541666667 0.4630952381 0.4636904762 0.4821428571 0.4744047619 0.4720238095 0.4720238095 0.4630952381 
0.4404761905 0.4547619048 0.4505952381 0.4428571429 0.4505952381 0.4505952381 0.4458333333 0.4428571429 
0.4422619048 0.4654761905 0.4505952381 0.4642857143 0.4571428571 0.4642857143 0.4505952381 0.4505952381 
0.4369047619 0.4494047619 0.4511904762 0.4589285714 0.4708333333 0.4738095238 0.4476190476 0.4476190476 
0.4654761905 0.4726190476 0.4732142857 0.4779761905 0.469047619 0.4761904762 0.4732142857 0.469047619 
0.4529761905 0.4607142857 0.4642857143 0.4660714286 0.4702380952 0.4702380952 0.4642857143 0.4607142857 
0.4422619048 0.4494047619 0.4678571429 0.4648809524 0.4720238095 0.469047619 0.4494047619 0.4494047619 
0.4267857143 0.4392857143 0.443452381 0.4273809524 0.4476190476 0.4321428571 0.4422619048 0.4273809524 
0.4428571429 0.4553571429 0.4672619048 0.4553571429 0.4494047619 0.4654761905 0.4589285714 0.4494047619 
0.4654761905 0.468452381 0.4851190476 0.4928571429 0.4821428571 0.4863095238 0.4958333333 0.468452381 
0.4476190476 0.45 0.4988095238 0.4916666667 0.4916666667 0.4928571429 0.4970238095 0.45 
0.456547619 0.4672619048 0.4630952381 0.4630952381 0.4630952381 0.4648809524 0.4648809524 0.4630952381 
0.4178571429 0.4291666667 0.4261904762 0.4255952381 0.4255952381 0.4345238095 0.4261904762 0.4255952381 
0.4505952381 0.4535714286 0.4553571429 0.4547619048 0.4547619048 0.4553571429 0.4553571429 0.4535714286 
0.4547619048 0.4625 0.4672619048 0.4738095238 0.469047619 0.4720238095 0.4720238095 0.4625 
0.4363095238 0.444047619 0.4392857143 0.4488095238 0.4488095238 0.4392857143 0.4392857143 0.4392857143 
0.4351190476 0.4488095238 0.4458333333 0.444047619 0.4494047619 0.4517857143 0.4458333333 0.444047619 
0.4351190476 0.4529761905 0.4458333333 0.4535714286 0.4535714286 0.4696428571 0.4696428571 0.4458333333 
0.4452380952 0.455952381 0.4529761905 0.4476190476 0.4511904762 0.455952381 0.455952381 0.4476190476 
0.4404761905 0.45 0.4535714286 0.4535714286 0.4464285714 0.4458333333 0.443452381 0.443452381 
0.4547619048 0.4678571429 0.4910714286 0.4773809524 0.4952380952 0.4880952381 0.4785714286 0.4678571429 
0.444047619 0.4571428571 0.4511904762 0.4517857143 0.4654761905 0.4529761905 0.4511904762 0.4511904762 
0.4428571429 0.455952381 0.4470238095 0.4452380952 0.4452380952 0.4452380952 0.4452380952 0.4452380952 
0.4422619048 0.443452381 0.4422619048 0.4464285714 0.4464285714 0.4422619048 0.4422619048 0.4422619048 
0.4458333333 0.4630952381 0.4720238095 0.4869047619 0.4714285714 0.4714285714 0.4773809524 0.4630952381 
0.45 0.4607142857 0.469047619 0.4648809524 0.4696428571 0.4857142857 0.4648809524 0.4607142857 
0.4464285714 0.4607142857 0.4744047619 0.4672619048 0.4613095238 0.4744047619 0.4672619048 0.4607142857 
