0.4380952381 0.4547619048 0.4714285714 0.4714285714 0.4714285714 0.4547619048 0.4547619048 0.4547619048 
0.4214285714 0.430952381 0.4547619048 0.4404761905 0.4547619048 0.4547619048 0.4428571429 0.430952381 
0.4333333333 0.4476190476 0.4785714286 0.4785714286 0.4857142857 0.4857142857 0.5119047619 0.4476190476 
0.4095238095 0.4261904762 0.4428571429 0.4428571429 0.4428571429 0.4428571429 0.4428571429 0.4261904762 
0.3976190476 0.4261904762 0.4285714286 0.4285714286 0.4285714286 0.4285714286 0.4285714286 0.4261904762 
0.4523809524 0.4595238095 0.4642857143 0.4642857143 0.4642857143 0.4642857143 0.4642857143 0.4595238095 
0.4214285714 0.430952381 0.4761904762 0.4714285714 0.4714285714 0.4666666667 0.4714285714 0.430952381 
0.4333333333 0.4380952381 0.4333333333 0.4333333333 0.4333333333 0.4333333333 0.4333333333 0.4333333333 
0.4476190476 0.45 0.4738095238 0.4642857143 0.469047619 0.4642857143 0.469047619 0.45 
0.4285714286 0.4380952381 0.4619047619 0.4619047619 0.4619047619 0.4714285714 0.4714285714 0.4380952381 
0.4476190476 0.4595238095 0.4666666667 0.4666666667 0.4666666667 0.4666666667 0.4666666667 0.4595238095 
0.4428571429 0.45 0.5047619048 0.5142857143 0.5357142857 0.5047619048 0.5047619048 0.45 
0.4452380952 0.4595238095 0.4476190476 0.4619047619 0.4547619048 0.4619047619 0.4547619048 0.4476190476 
0.4428571429 0.45 0.4595238095 0.4595238095 0.4714285714 0.4714285714 0.45 0.45 
0.419047619 0.419047619 0.4380952381 0.4380952381 0.4380952381 0.4380952381 0.4380952381 0.419047619 
0.4571428571 0.4619047619 0.4761904762 0.4761904762 0.4761904762 0.4761904762 0.4761904762 0.4619047619 
0.4285714286 0.4380952381 0.4357142857 0.4357142857 0.4357142857 0.5023809524 0.4547619048 0.4357142857 
0.4142857143 0.4333333333 0.4571428571 0.4571428571 0.4571428571 0.4595238095 0.4571428571 0.4333333333 
0.4261904762 0.4285714286 0.4333333333 0.4333333333 0.4333333333 0.4333333333 0.4333333333 0.4285714286 
0.4619047619 0.4642857143 0.4714285714 0.4880952381 0.469047619 0.4714285714 0.4714285714 0.4642857143 
0.4285714286 0.4285714286 0.4785714286 0.4976190476 0.4976190476 0.4976190476 0.4976190476 0.4285714286 
0.4380952381 0.4428571429 0.45 0.4666666667 0.4666666667 0.4666666667 0.45 0.4428571429 
0.4333333333 0.4476190476 0.4380952381 0.4738095238 0.4595238095 0.4619047619 0.4476190476 0.4380952381 
0.4619047619 0.4619047619 0.5 0.5 0.5 0.5023809524 0.5023809524 0.4619047619 
0.419047619 0.419047619 0.419047619 0.4428571429 0.4428571429 0.4333333333 0.4333333333 0.419047619 
0.3976190476 0.4023809524 0.4 0.419047619 0.4238095238 0.4 0.4 0.4 
0.4285714286 0.4357142857 0.4714285714 0.4714285714 0.4714285714 0.4714285714 0.4714285714 0.4357142857 
0.4142857143 0.4166666667 0.45 0.4642857143 0.4642857143 0.45 0.45 0.4166666667 
0.4 0.4142857143 0.4976190476 0.4142857143 0.4142857143 0.4619047619 0.4142857143 0.4142857143 
