0.4691666667 0.4741666667 0.4766666667 0.4875 0.4808333333 0.485 0.4725 0.4725 
0.4391666667 0.4533333333 0.455 0.455 0.4733333333 0.455 0.4733333333 0.4533333333 
0.4491666667 0.4516666667 0.4541666667 0.4525 0.4541666667 0.4583333333 0.4591666667 0.4516666667 
0.455 0.46 0.4833333333 0.4733333333 0.4733333333 0.48 0.4708333333 0.46 
0.4308333333 0.4391666667 0.4358333333 0.4366666667 0.44 0.44 0.44 0.4358333333 
0.45 0.4608333333 0.47 0.4533333333 0.4533333333 0.4533333333 0.4533333333 0.4533333333 
0.4466666667 0.4558333333 0.4616666667 0.46 0.4616666667 0.4641666667 0.4641666667 0.4558333333 
0.4541666667 0.4633333333 0.4708333333 0.4941666667 0.4775 0.4816666667 0.4875 0.4633333333 
0.4675 0.4725 0.48 0.5016666667 0.4975 0.4991666667 0.4858333333 0.4725 
0.435 0.4375 0.4516666667 0.4641666667 0.4641666667 0.4575 0.4558333333 0.4375 
0.4525 0.4691666667 0.4825 0.485 0.4766666667 0.4766666667 0.4825 0.4691666667 
0.4666666667 0.4766666667 0.4741666667 0.4725 0.48 0.4833333333 0.4841666667 0.4725 
0.43 0.4475 0.4433333333 0.4408333333 0.4408333333 0.4408333333 0.4408333333 0.4408333333 
0.4358333333 0.4425 0.4425 0.4425 0.4425 0.4491666667 0.4491666667 0.4425 
0.4483333333 0.4583333333 0.4575 0.45 0.45 0.4616666667 0.45 0.45 
0.4466666667 0.4508333333 0.4591666667 0.4633333333 0.4633333333 0.4675 0.4641666667 0.4508333333 
0.4491666667 0.4583333333 0.455 0.455 0.455 0.4641666667 0.4641666667 0.455 
0.4525 0.4558333333 0.4591666667 0.465 0.4658333333 0.465 0.4725 0.4558333333 
0.4416666667 0.4558333333 0.4491666667 0.4641666667 0.4641666667 0.4516666667 0.4433333333 0.4433333333 
0.455 0.4608333333 0.4733333333 0.4791666667 0.4791666667 0.48 0.48 0.4608333333 
0.4591666667 0.465 0.4641666667 0.4683333333 0.4683333333 0.4641666667 0.4641666667 0.4641666667 
0.46 0.465 0.4725 0.4725 0.4725 0.4725 0.4725 0.465 
0.4316666667 0.4333333333 0.4358333333 0.4391666667 0.435 0.4391666667 0.435 0.4333333333 
0.4491666667 0.4583333333 0.4575 0.4675 0.4583333333 0.4641666667 0.4575 0.4575 
0.4458333333 0.4541666667 0.4558333333 0.4575 0.4666666667 0.4791666667 0.4708333333 0.4541666667 
0.4491666667 0.4591666667 0.4625 0.4541666667 0.4625 0.4541666667 0.4625 0.4541666667 
0.4566666667 0.4616666667 0.5008333333 0.4875 0.4841666667 0.4841666667 0.4791666667 0.4616666667 
0.45 0.4625 0.4825 0.5158333333 0.5158333333 0.485 0.485 0.4625 
0.4475 0.46 0.465 0.465 0.465 0.4591666667 0.4733333333 0.4591666667 
