0.4544973545 0.4597883598 0.4772486772 0.4772486772 0.4772486772 0.4756613757 0.4756613757 0.4597883598 
0.435978836 0.4470899471 0.4708994709 0.4677248677 0.4650793651 0.464021164 0.4481481481 0.4470899471 
0.4476190476 0.4597883598 0.4502645503 0.4560846561 0.4560846561 0.4571428571 0.4571428571 0.4502645503 
0.437037037 0.4481481481 0.4402116402 0.4402116402 0.4402116402 0.4534391534 0.4534391534 0.4402116402 
0.4486772487 0.4518518519 0.4560846561 0.4597883598 0.4597883598 0.4597883598 0.4597883598 0.4518518519 
0.4349206349 0.4433862434 0.4380952381 0.4439153439 0.435978836 0.4417989418 0.4439153439 0.435978836 
0.4253968254 0.4444444444 0.4338624339 0.4338624339 0.4285714286 0.4439153439 0.4439153439 0.4285714286 
0.4560846561 0.4634920635 0.4677248677 0.4687830688 0.4571428571 0.4724867725 0.4687830688 0.4571428571 
0.4455026455 0.455026455 0.4560846561 0.4756613757 0.4857142857 0.4650793651 0.4582010582 0.455026455 
0.4396825397 0.4624338624 0.4645502646 0.4703703704 0.4746031746 0.455026455 0.4682539683 0.455026455 
0.4518518519 0.464021164 0.4645502646 0.4767195767 0.4656084656 0.4656084656 0.4677248677 0.464021164 
0.4486772487 0.4507936508 0.4497354497 0.4497354497 0.4497354497 0.4497354497 0.4497354497 0.4497354497 
0.4439153439 0.4476190476 0.4560846561 0.4592592593 0.4507936508 0.4592592593 0.4507936508 0.4476190476 
0.4365079365 0.4492063492 0.4396825397 0.4423280423 0.4407407407 0.464021164 0.471957672 0.4396825397 
0.4328042328 0.4354497354 0.4412698413 0.4428571429 0.4402116402 0.435978836 0.4349206349 0.4349206349 
0.462962963 0.4714285714 0.4804232804 0.4931216931 0.4804232804 0.4825396825 0.4920634921 0.4714285714 
0.4698412698 0.4767195767 0.4788359788 0.4846560847 0.4883597884 0.4756613757 0.4756613757 0.4756613757 
0.4470899471 0.4597883598 0.4756613757 0.4777777778 0.4825396825 0.4735449735 0.4693121693 0.4597883598 
0.4428571429 0.4481481481 0.4523809524 0.4703703704 0.4703703704 0.4523809524 0.4523809524 0.4481481481 
0.4523809524 0.4634920635 0.4703703704 0.4703703704 0.4767195767 0.4846560847 0.4846560847 0.4634920635 
0.4613756614 0.4698412698 0.4899470899 0.4878306878 0.4915343915 0.4941798942 0.4862433862 0.4698412698 
0.4587301587 0.4650793651 0.4682539683 0.4682539683 0.4698412698 0.4698412698 0.4703703704 0.4650793651 
0.4682539683 0.4783068783 0.491005291 0.4968253968 0.4920634921 0.4925925926 0.4835978836 0.4783068783 
0.4597883598 0.464021164 0.4619047619 0.4751322751 0.4682539683 0.4708994709 0.4661375661 0.4619047619 
0.4703703704 0.4761904762 0.4973544974 0.4878306878 0.4830687831 0.4994708995 0.5031746032 0.4761904762 
0.4481481481 0.4571428571 0.4841269841 0.482010582 0.4751322751 0.480952381 0.4883597884 0.4571428571 
0.4386243386 0.4513227513 0.4682539683 0.4677248677 0.4677248677 0.4677248677 0.4677248677 0.4513227513 
0.4328042328 0.4386243386 0.4465608466 0.4444444444 0.4455026455 0.4507936508 0.4597883598 0.4386243386 
0.4365079365 0.4597883598 0.4698412698 0.4746031746 0.4746031746 0.4751322751 0.4751322751 0.4597883598 
