0.42 0.435 0.4425 0.4425 0.4425 0.45 0.45 0.435 
0.4425 0.45 0.51 0.475 0.5025 0.4975 0.5025 0.45 
0.4125 0.43 0.4425 0.4425 0.4425 0.455 0.455 0.43 
0.4225 0.4375 0.4375 0.4625 0.4625 0.4375 0.4375 0.4375 
0.425 0.435 0.43 0.4425 0.4475 0.4475 0.45 0.43 
0.4425 0.4575 0.51 0.4775 0.52 0.52 0.49 0.4575 
0.4225 0.4375 0.4375 0.4375 0.43 0.4375 0.4375 0.43 
0.4125 0.4225 0.465 0.4725 0.4725 0.4725 0.4725 0.4225 
0.3925 0.405 0.47 0.435 0.435 0.435 0.435 0.405 
0.3975 0.405 0.4175 0.4175 0.44 0.435 0.435 0.405 
0.43 0.4475 0.49 0.47 0.47 0.47 0.47 0.4475 
0.4125 0.415 0.4375 0.46 0.4575 0.465 0.4375 0.415 
0.39 0.395 0.3925 0.3925 0.3925 0.3975 0.3925 0.3925 
0.42 0.4375 0.475 0.5075 0.5225 0.47 0.47 0.4375 
0.4425 0.445 0.4925 0.465 0.465 0.485 0.4675 0.445 
0.4125 0.42 0.4575 0.455 0.485 0.465 0.465 0.42 
0.4475 0.4625 0.49 0.49 0.49 0.4975 0.48 0.4625 
0.4025 0.425 0.405 0.4025 0.4025 0.405 0.405 0.4025 
0.4025 0.4075 0.445 0.445 0.445 0.495 0.47 0.4075 
0.4275 0.4475 0.4325 0.435 0.455 0.47 0.4425 0.4325 
0.4025 0.42 0.4225 0.4225 0.4425 0.41 0.4225 0.41 
0.405 0.4225 0.4175 0.4175 0.435 0.42 0.435 0.4175 
0.4325 0.4375 0.4425 0.4425 0.4425 0.46 0.46 0.4375 
0.405 0.43 0.4175 0.4575 0.4425 0.4425 0.4425 0.4175 
0.415 0.4225 0.5025 0.43 0.4825 0.4675 0.4675 0.4225 
0.4125 0.4225 0.455 0.4725 0.48 0.445 0.475 0.4225 
0.415 0.43 0.4275 0.4275 0.4275 0.4275 0.4275 0.4275 
0.425 0.45 0.5 0.5325 0.51 0.5375 0.5325 0.45 
0.395 0.4275 0.415 0.415 0.415 0.415 0.415 0.415 
