0.4360544218 0.4421768707 0.443537415 0.4394557823 0.4394557823 0.443537415 0.443537415 0.4394557823 
0.4503401361 0.4571428571 0.4619047619 0.4727891156 0.4782312925 0.4700680272 0.4632653061 0.4571428571 
0.4612244898 0.4700680272 0.4843537415 0.4850340136 0.4959183673 0.4836734694 0.4836734694 0.4700680272 
0.4278911565 0.4476190476 0.4319727891 0.4408163265 0.4408163265 0.443537415 0.437414966 0.4319727891 
0.4503401361 0.462585034 0.456462585 0.4646258503 0.4700680272 0.4693877551 0.4700680272 0.456462585 
0.4360544218 0.4476190476 0.4421768707 0.4421768707 0.4421768707 0.4469387755 0.4421768707 0.4421768707 
0.4333333333 0.4394557823 0.4585034014 0.4585034014 0.4585034014 0.4585034014 0.4585034014 0.4394557823 
0.4346938776 0.4469387755 0.4489795918 0.4455782313 0.4408163265 0.4489795918 0.4442176871 0.4408163265 
0.4380952381 0.4442176871 0.4795918367 0.4585034014 0.4632653061 0.4680272109 0.4673469388 0.4442176871 
0.4414965986 0.4462585034 0.4544217687 0.4544217687 0.4544217687 0.4544217687 0.4544217687 0.4462585034 
0.4469387755 0.4598639456 0.4557823129 0.4557823129 0.4598639456 0.4598639456 0.4571428571 0.4557823129 
0.4482993197 0.4659863946 0.4523809524 0.4510204082 0.4619047619 0.4598639456 0.4598639456 0.4510204082 
0.4557823129 0.468707483 0.4693877551 0.4639455782 0.468707483 0.468707483 0.468707483 0.4639455782 
0.4367346939 0.4551020408 0.443537415 0.443537415 0.443537415 0.4530612245 0.4530612245 0.443537415 
0.4285714286 0.4448979592 0.4496598639 0.4496598639 0.4428571429 0.4503401361 0.4469387755 0.4428571429 
0.4496598639 0.4578231293 0.4721088435 0.456462585 0.456462585 0.4591836735 0.4537414966 0.4537414966 
0.4401360544 0.4557823129 0.4537414966 0.456462585 0.456462585 0.4551020408 0.4530612245 0.4530612245 
0.4469387755 0.4612244898 0.4503401361 0.4503401361 0.4503401361 0.4503401361 0.4503401361 0.4503401361 
0.4455782313 0.4530612245 0.4503401361 0.4619047619 0.4578231293 0.4585034014 0.4605442177 0.4503401361 
0.4299319728 0.4455782313 0.4414965986 0.4428571429 0.4428571429 0.4503401361 0.4387755102 0.4387755102 
0.4605442177 0.4714285714 0.4931972789 0.474829932 0.4741496599 0.4959183673 0.5020408163 0.4714285714 
0.4197278912 0.4265306122 0.4285714286 0.4285714286 0.4299319728 0.4299319728 0.4299319728 0.4265306122 
0.4340136054 0.4448979592 0.4598639456 0.4537414966 0.4544217687 0.4530612245 0.4673469388 0.4448979592 
0.4448979592 0.4530612245 0.4714285714 0.480952381 0.4585034014 0.4857142857 0.4591836735 0.4530612245 
0.4387755102 0.4503401361 0.4408163265 0.4598639456 0.4598639456 0.4693877551 0.4571428571 0.4408163265 
0.4571428571 0.4666666667 0.4802721088 0.4857142857 0.4850340136 0.4591836735 0.4591836735 0.4591836735 
0.4387755102 0.4551020408 0.4537414966 0.4537414966 0.462585034 0.468707483 0.4632653061 0.4537414966 
0.437414966 0.4476190476 0.4517006803 0.4585034014 0.4517006803 0.4517006803 0.4517006803 0.4476190476 
0.4428571429 0.4578231293 0.4517006803 0.4517006803 0.4517006803 0.4503401361 0.4503401361 0.4503401361 
