0.4444444444 0.4444444444 0.4638888889 0.4777777778 0.45 0.45 0.4638888889 0.4444444444 
0.4361111111 0.4361111111 0.4472222222 0.4527777778 0.4527777778 0.4527777778 0.4527777778 0.4361111111 
0.425 0.4444444444 0.4666666667 0.4666666667 0.4666666667 0.4666666667 0.4666666667 0.4444444444 
0.4138888889 0.4138888889 0.4333333333 0.4333333333 0.4333333333 0.4333333333 0.4333333333 0.4138888889 
0.4 0.4194444444 0.4416666667 0.4805555556 0.4805555556 0.4611111111 0.4611111111 0.4194444444 
0.4361111111 0.4416666667 0.4777777778 0.4861111111 0.4861111111 0.4916666667 0.5 0.4416666667 
0.4 0.4111111111 0.4611111111 0.4305555556 0.4305555556 0.4305555556 0.4305555556 0.4111111111 
0.425 0.4277777778 0.4555555556 0.4555555556 0.4555555556 0.4972222222 0.4972222222 0.4277777778 
0.45 0.45 0.45 0.45 0.45 0.475 0.4638888889 0.45 
0.4277777778 0.4416666667 0.45 0.45 0.45 0.45 0.45 0.4416666667 
0.4388888889 0.4611111111 0.4666666667 0.4555555556 0.4666666667 0.4666666667 0.4666666667 0.4555555556 
0.425 0.4305555556 0.525 0.4972222222 0.5388888889 0.4944444444 0.4944444444 0.4305555556 
0.4583333333 0.4611111111 0.4722222222 0.475 0.4722222222 0.475 0.4722222222 0.4611111111 
0.4333333333 0.4361111111 0.4416666667 0.45 0.45 0.4527777778 0.4333333333 0.4333333333 
0.4222222222 0.4222222222 0.4333333333 0.4916666667 0.4333333333 0.4333333333 0.4333333333 0.4222222222 
0.4444444444 0.45 0.4472222222 0.4472222222 0.4472222222 0.4527777778 0.4527777778 0.4472222222 
0.4277777778 0.4416666667 0.4666666667 0.4666666667 0.4666666667 0.4666666667 0.4666666667 0.4416666667 
0.4444444444 0.4472222222 0.4555555556 0.4555555556 0.4555555556 0.4555555556 0.4555555556 0.4472222222 
0.4416666667 0.4444444444 0.4472222222 0.4666666667 0.4666666667 0.4777777778 0.4777777778 0.4444444444 
0.4555555556 0.4694444444 0.4694444444 0.4861111111 0.4861111111 0.4638888889 0.4638888889 0.4638888889 
0.3972222222 0.4138888889 0.4944444444 0.4944444444 0.4944444444 0.5416666667 0.4333333333 0.4138888889 
0.4083333333 0.4194444444 0.4194444444 0.4722222222 0.4694444444 0.4194444444 0.4194444444 0.4194444444 
0.4527777778 0.4583333333 0.475 0.4861111111 0.475 0.4861111111 0.475 0.4583333333 
0.4611111111 0.4694444444 0.4833333333 0.475 0.4777777778 0.4833333333 0.475 0.4694444444 
0.4027777778 0.4083333333 0.4083333333 0.4027777778 0.4027777778 0.4027777778 0.4027777778 0.4027777778 
0.3944444444 0.4055555556 0.4333333333 0.4333333333 0.4333333333 0.4333333333 0.4333333333 0.4055555556 
0.4222222222 0.4277777778 0.4444444444 0.4444444444 0.4444444444 0.4777777778 0.4444444444 0.4277777778 
0.3888888889 0.3972222222 0.4583333333 0.4805555556 0.4805555556 0.4583333333 0.4583333333 0.3972222222 
0.4416666667 0.4527777778 0.5027777778 0.5222222222 0.5222222222 0.5222222222 0.5222222222 0.4527777778 
