0.4345238095 0.45 0.4630952381 0.4452380952 0.4547619048 0.4464285714 0.4595238095 0.4452380952 
0.425 0.4416666667 0.4369047619 0.4321428571 0.4321428571 0.4321428571 0.4321428571 0.4321428571 
0.4333333333 0.45 0.4821428571 0.4654761905 0.4869047619 0.5107142857 0.5107142857 0.45 
0.4119047619 0.4321428571 0.4154761905 0.4226190476 0.4285714286 0.4154761905 0.4226190476 0.4154761905 
0.3976190476 0.4107142857 0.4023809524 0.4 0.4 0.4 0.4 0.4 
0.4416666667 0.4547619048 0.4535714286 0.4642857143 0.4571428571 0.4535714286 0.4571428571 0.4535714286 
0.4392857143 0.4523809524 0.505952381 0.4988095238 0.4988095238 0.5238095238 0.5238095238 0.4523809524 
0.4333333333 0.4488095238 0.4416666667 0.4333333333 0.4333333333 0.4380952381 0.4380952381 0.4333333333 
0.4107142857 0.4297619048 0.4607142857 0.4523809524 0.4547619048 0.4595238095 0.4571428571 0.4297619048 
0.444047619 0.4595238095 0.455952381 0.4702380952 0.4619047619 0.4535714286 0.4488095238 0.4488095238 
0.4452380952 0.4535714286 0.4523809524 0.4642857143 0.4642857143 0.4714285714 0.4642857143 0.4523809524 
0.4226190476 0.430952381 0.4226190476 0.4345238095 0.4285714286 0.4285714286 0.4285714286 0.4226190476 
0.425 0.4392857143 0.4571428571 0.4511904762 0.4523809524 0.4488095238 0.4666666667 0.4392857143 
0.430952381 0.4369047619 0.4547619048 0.455952381 0.4476190476 0.4547619048 0.4547619048 0.4369047619 
0.4095238095 0.4166666667 0.4642857143 0.4226190476 0.4607142857 0.4333333333 0.4214285714 0.4166666667 
0.4285714286 0.4511904762 0.4392857143 0.4488095238 0.4547619048 0.4571428571 0.4392857143 0.4392857143 
0.4166666667 0.4238095238 0.4238095238 0.4511904762 0.4297619048 0.4369047619 0.4369047619 0.4238095238 
0.4369047619 0.45 0.4428571429 0.4428571429 0.4392857143 0.4488095238 0.45 0.4392857143 
0.4511904762 0.475 0.4880952381 0.4880952381 0.4880952381 0.494047619 0.4892857143 0.475 
0.4226190476 0.4273809524 0.4297619048 0.4404761905 0.4404761905 0.444047619 0.444047619 0.4273809524 
0.3976190476 0.4202380952 0.4297619048 0.4154761905 0.4154761905 0.4333333333 0.4333333333 0.4154761905 
0.4095238095 0.4369047619 0.4952380952 0.4321428571 0.4416666667 0.4845238095 0.475 0.4321428571 
0.4071428571 0.4226190476 0.4154761905 0.4154761905 0.4154761905 0.4273809524 0.4154761905 0.4154761905 
0.3797619048 0.3904761905 0.380952381 0.394047619 0.3964285714 0.3869047619 0.3869047619 0.380952381 
0.405952381 0.4214285714 0.4369047619 0.4630952381 0.4428571429 0.4130952381 0.4488095238 0.4130952381 
0.4095238095 0.430952381 0.4273809524 0.4357142857 0.4535714286 0.4464285714 0.4476190476 0.4273809524 
0.4488095238 0.4571428571 0.4714285714 0.475 0.475 0.4726190476 0.4678571429 0.4571428571 
0.4297619048 0.444047619 0.4547619048 0.4345238095 0.475 0.4392857143 0.4392857143 0.4345238095 
0.4273809524 0.4452380952 0.4369047619 0.4464285714 0.4464285714 0.4476190476 0.45 0.4369047619 
