0 10 15 16 17 18 20 27 29 42 49 55 61 69 76 79 86 103 119 129 132 144 168 204 229 253 266 268 291 296 305 329 344 349 359 376 391 400 410 414 433 441 443 444 

1 20 24 29 54 55 87 91 129 149 170 180 185 187 196 197 220 221 232 238 253 276 287 314 349 376 395 407 459 

2 3 5 7 10 15 24 29 30 44 49 55 69 84 99 112 123 142 143 144 151 170 210 227 232 239 276 290 295 301 344 345 375 376 392 398 405 416 447 470 496 

3 2 7 10 11 15 18 39 42 53 60 61 73 79 102 125 136 157 164 170 173 192 198 204 215 234 239 250 251 257 275 279 294 296 305 307 314 329 349 377 390 447 

4 6 8 9 10 11 12 13 14 17 19 23 25 26 31 32 35 37 38 39 41 46 50 57 58 63 64 66 68 78 83 100 101 109 113 115 117 120 133 138 146 155 166 171 174 186 195 207 223 225 226 259 260 285 286 299 302 304 312 319 322 348 351 352 353 377 379 380 415 429 463 480 490 493 500 503 

5 2 9 10 16 24 27 29 30 49 60 61 76 80 84 87 103 104 136 143 151 182 197 202 221 236 240 264 265 292 297 303 314 334 359 384 398 403 421 438 439 443 457 460 469 

6 4 8 9 12 13 14 17 21 22 23 25 28 31 33 34 35 38 50 57 58 82 83 85 100 101 113 116 131 150 166 179 190 191 194 225 261 271 283 306 343 350 354 356 394 409 412 426 429 490 499 508 

7 2 3 10 15 16 20 24 29 44 48 53 55 69 73 84 124 125 129 132 151 157 180 198 219 243 257 264 287 290 295 337 368 375 384 391 392 440 453 

8 4 6 9 11 12 13 14 17 19 21 22 23 25 26 28 31 32 33 34 35 37 38 40 41 43 45 46 47 49 56 57 59 63 66 71 74 75 89 95 97 98 109 111 114 121 127 148 154 155 163 174 177 179 183 214 231 242 248 260 269 274 280 283 299 304 306 322 328 332 343 354 379 386 394 401 406 411 423 425 426 436 467 487 489 504 510 692 

9 4 5 6 8 10 11 12 13 17 19 21 23 25 26 28 30 31 32 33 34 35 37 40 41 45 46 47 51 56 57 62 63 66 67 75 79 82 83 85 92 93 95 97 98 100 106 110 111 117 120 126 128 134 138 148 159 165 166 172 174 175 181 188 201 206 213 221 226 242 245 247 255 259 261 284 286 298 304 309 316 319 325 338 341 342 348 353 378 380 413 424 426 430 450 452 465 468 480 481 484 493 494 

10 0 2 3 4 5 7 9 14 15 16 18 20 24 27 29 30 39 49 53 54 55 72 73 79 84 86 90 91 99 102 103 105 107 112 118 122 123 134 135 136 139 142 151 157 160 163 164 173 182 185 204 210 212 216 220 222 227 228 229 234 235 238 239 240 253 256 266 296 300 301 313 323 328 339 340 344 360 365 367 369 371 374 377 396 400 402 403 404 407 410 421 440 445 455 462 470 471 474 495 506 

11 3 4 8 9 12 13 14 17 19 21 22 23 25 26 28 31 33 37 38 40 41 43 47 51 56 58 59 62 63 64 66 67 74 77 81 83 85 92 97 98 100 103 105 106 111 120 121 126 127 146 147 171 177 181 183 191 193 194 195 199 201 211 217 225 245 247 248 259 267 269 273 282 283 284 285 288 299 302 312 325 327 342 354 357 379 381 382 383 399 402 417 422 426 448 450 451 452 458 467 475 489 503 509 

12 4 6 8 9 11 13 14 17 19 21 22 25 28 32 33 35 37 38 40 41 45 46 47 50 56 57 58 59 62 67 68 71 75 78 82 83 85 89 96 97 105 106 109 114 117 119 120 128 133 138 146 154 156 159 162 166 177 178 179 184 190 194 199 242 255 258 259 273 277 282 285 299 306 312 316 318 321 322 325 333 350 378 379 380 381 389 390 399 401 412 413 415 442 450 452 466 489 504 507 509 

13 4 6 8 9 11 12 14 17 19 22 23 26 28 29 33 34 35 42 47 50 51 58 59 66 68 74 78 81 82 85 88 92 93 95 96 97 115 121 137 138 146 154 165 167 171 184 186 191 193 194 195 203 217 218 242 245 260 273 298 301 317 321 338 342 346 357 397 402 423 429 437 465 467 487 491 498 503 

14 4 6 8 10 11 12 13 22 23 25 26 28 33 37 47 56 57 58 66 67 71 77 78 81 88 89 92 115 116 121 137 147 150 162 171 176 177 199 201 211 217 223 241 247 260 299 317 318 332 335 338 350 406 450 463 468 482 484 

15 0 2 3 7 10 16 18 20 24 36 39 42 52 54 55 61 73 84 86 94 103 105 118 122 124 129 132 151 161 187 205 208 215 228 250 253 256 289 297 315 326 331 334 349 355 361 363 364 369 395 403 408 433 471 492 

16 0 5 7 10 15 27 42 54 103 129 149 168 189 198 202 215 216 239 257 268 294 366 371 392 420 434 441 477 501 

17 0 4 6 8 9 11 12 13 19 20 21 22 26 33 34 40 77 88 92 101 106 108 114 127 148 150 174 176 179 184 193 201 213 223 260 274 283 316 320 354 452 461 475 481 482 489 

18 0 3 10 15 20 30 36 42 54 55 73 76 79 80 86 87 94 107 118 123 134 136 142 151 153 189 198 220 229 232 238 244 250 266 268 270 272 289 294 328 366 367 371 387 427 435 483 

19 4 8 9 11 12 13 17 21 22 23 25 28 31 33 34 35 38 41 45 51 56 57 62 68 72 75 78 82 85 96 97 98 101 106 108 109 120 131 133 138 146 150 154 156 165 167 171 175 179 201 211 218 224 242 256 271 277 280 286 317 324 325 354 356 385 386 393 401 417 422 425 458 475 490 493 498 510 

20 0 1 7 10 15 17 18 29 30 36 39 42 44 52 53 60 69 72 94 122 124 125 136 140 144 149 151 158 164 173 182 187 219 230 238 239 257 262 264 265 297 311 314 329 330 349 355 364 365 377 404 414 420 431 433 447 455 457 460 462 473 478 

21 6 8 9 11 12 17 19 26 41 43 51 56 63 67 78 93 97 100 109 110 117 154 162 171 174 179 184 213 214 223 306 319 324 338 347 354 393 412 489 509 

22 6 8 11 12 13 14 17 19 33 34 35 46 66 77 85 92 113 147 165 171 172 195 225 249 298 321 338 350 388 389 

23 4 6 8 9 11 13 14 19 33 38 43 46 47 66 71 97 108 116 176 183 194 211 226 259 298 299 302 354 357 380 449 476 499 

24 1 2 5 7 10 15 27 30 36 49 79 80 103 118 123 125 135 139 142 149 161 182 185 196 208 212 234 295 315 344 359 361 366 372 390 454 471 472 477 

25 4 6 8 9 11 12 14 19 26 28 31 33 45 56 57 59 62 66 71 97 101 106 109 110 114 115 120 126 138 152 171 178 181 193 214 231 258 260 267 271 282 333 383 499 504 

26 4 8 9 11 13 14 17 21 25 32 33 43 46 50 51 59 64 66 74 82 83 89 92 95 97 98 100 101 128 131 133 155 183 206 225 248 282 288 302 306 322 333 382 394 409 411 423 480 481 508 509 

27 0 5 10 16 24 39 42 48 49 52 56 60 79 107 125 132 135 139 140 141 143 145 151 157 161 180 189 209 221 251 289 291 300 328 331 334 355 359 363 428 431 440 446 477 

28 6 8 9 11 12 13 14 19 25 31 33 46 51 66 67 71 77 83 96 100 101 110 148 171 177 181 183 194 211 249 255 261 273 277 280 308 332 356 358 388 451 466 503 

29 0 1 2 5 7 10 13 20 30 42 44 54 61 69 72 73 90 104 123 125 135 149 161 168 180 189 212 227 235 244 252 263 281 294 310 334 336 349 374 392 407 438 440 441 454 460 478 483 485 492 

30 2 5 9 10 18 20 24 29 36 44 48 52 53 54 60 61 76 80 84 99 103 107 122 125 135 144 145 153 157 161 173 180 197 209 219 220 229 272 296 309 339 362 398 432 441 455 456 470 478 502 

31 4 6 8 9 11 19 25 28 34 35 40 41 59 64 68 98 121 128 148 162 166 188 224 284 299 306 348 383 406 425 487 508 510 

32 4 8 9 12 26 33 58 81 89 95 100 101 108 114 117 128 130 131 138 155 179 218 231 261 342 346 352 378 422 423 500 511 

33 6 8 9 11 12 13 14 17 19 22 23 25 26 28 32 34 38 40 41 46 47 51 56 58 65 81 82 85 88 93 101 113 117 127 137 146 148 152 155 213 214 225 231 260 282 284 285 286 312 316 317 320 325 357 381 383 385 393 394 401 424 436 437 450 452 489 494 

34 6 8 9 13 17 19 22 31 33 41 45 46 50 56 58 62 63 67 81 93 116 120 203 207 217 327 341 347 348 382 393 397 402 436 499 

35 4 6 8 9 12 13 19 22 31 38 40 46 50 63 64 71 78 85 95 96 110 115 131 226 247 249 255 271 273 343 415 465 480 491 500 504 

36 15 18 20 24 30 39 53 60 72 79 84 105 212 219 278 339 351 368 459 483 488 

37 4 8 9 11 12 14 43 59 67 68 81 106 109 113 120 150 171 175 190 231 285 308 346 406 448 476 

38 4 6 8 11 12 19 23 33 35 47 51 64 65 68 120 148 155 174 190 267 302 327 358 378 388 490 

39 3 4 10 15 20 27 36 60 69 84 200 232 237 264 305 328 362 370 414 421 474 497 

40 8 9 11 12 17 31 33 35 45 47 50 56 65 66 67 93 116 117 133 159 166 171 172 179 199 224 225 274 358 381 402 424 464 

41 4 8 9 11 12 19 21 31 33 34 50 58 63 64 88 106 110 113 115 154 155 193 195 203 346 347 409 413 423 451 508 

42 0 3 13 15 16 18 20 27 29 48 55 60 72 76 87 119 136 185 187 198 230 240 256 266 275 294 310 363 404 416 445 455 496 

43 8 11 21 23 26 37 50 51 57 65 68 71 162 184 199 277 293 406 450 466 511 

44 2 7 20 29 30 53 104 158 182 210 221 234 252 275 296 297 301 345 370 390 439 444 457 470 472 

45 8 9 12 19 25 34 40 65 68 130 133 156 167 179 217 258 280 406 409 484 

46 4 8 9 12 22 23 26 28 33 34 35 50 57 65 66 78 81 89 98 111 113 131 146 171 178 183 186 206 214 226 248 288 316 317 319 320 342 357 378 389 415 417 467 479 491 500 503 

47 8 9 11 12 13 14 23 33 38 40 50 58 62 68 74 77 92 100 109 111 113 126 128 152 155 156 159 175 176 177 178 191 217 247 255 259 285 286 288 293 437 503 

48 7 27 30 42 49 55 70 76 80 107 118 169 197 222 238 303 323 334 344 359 438 442 

49 0 2 5 8 10 24 27 48 73 87 90 105 182 192 205 209 243 254 311 340 355 361 375 395 440 444 502 

50 4 6 12 13 26 34 35 40 41 43 46 47 57 77 96 111 116 138 156 178 320 

51 9 11 13 19 21 26 28 33 38 43 59 77 93 176 178 191 231 286 308 382 426 430 

52 15 20 27 30 53 79 80 141 142 163 189 192 268 295 351 396 432 459 

53 3 7 10 20 30 36 44 52 54 80 99 107 136 160 239 243 253 270 376 404 438 471 

54 1 10 15 16 18 29 30 53 55 69 103 112 132 145 209 222 234 268 278 292 360 404 421 440 453 478 

55 0 1 2 7 10 15 18 42 48 54 87 119 122 136 139 141 142 180 189 197 210 215 232 237 251 278 281 290 295 331 366 375 403 404 408 439 497 

56 8 9 11 12 14 19 21 25 27 33 34 40 62 66 67 74 83 89 92 98 109 116 126 131 138 146 152 183 199 203 207 218 245 247 259 304 321 324 352 383 424 436 487 500 510 

57 4 6 8 9 12 14 19 25 43 46 50 63 68 85 93 97 138 167 171 184 218 249 267 333 338 348 411 415 467 

58 4 6 11 12 13 14 32 33 34 41 47 66 77 93 95 247 258 288 316 401 464 

59 8 11 12 13 25 26 31 37 51 68 74 82 83 92 100 133 147 165 190 194 225 430 486 

60 3 5 20 27 30 36 39 42 61 69 90 118 125 135 141 200 216 219 220 250 311 361 396 442 472 488 506 

61 0 3 5 15 29 30 60 69 76 94 122 124 135 160 212 222 244 251 253 289 351 456 

62 9 11 12 19 25 34 47 56 65 100 115 184 206 241 249 267 280 283 304 348 397 402 425 475 487 

63 4 8 9 11 21 34 35 41 57 92 96 120 121 126 127 159 179 217 255 

64 4 11 26 31 35 38 41 74 75 85 88 97 130 148 156 184 188 190 207 242 277 319 436 458 465 482 

65 33 38 40 43 45 46 62 93 116 120 176 218 258 335 412 429 468 491 504 

66 4 8 9 11 13 14 22 23 25 26 28 40 46 56 58 110 127 130 181 247 494 711 

67 9 11 12 14 21 28 34 37 40 56 81 82 88 89 93 138 156 166 167 186 188 218 259 271 304 321 350 356 357 486 489 498 

68 4 12 13 19 31 37 38 43 45 47 57 59 83 146 171 224 261 269 308 319 350 352 448 500 510 

69 0 2 7 20 29 39 54 60 61 70 80 107 129 136 141 143 145 160 164 189 196 200 233 272 278 291 292 295 313 323 364 365 370 410 421 427 485 

70 48 69 87 105 122 124 141 208 227 263 281 301 309 361 403 505 

71 8 12 14 23 25 28 35 43 154 193 327 423 452 

72 10 19 20 29 36 42 87 99 104 105 107 112 143 163 192 198 240 270 292 294 315 496 501 

73 3 7 10 15 18 29 49 84 90 91 125 168 197 279 336 339 345 472 

74 8 11 13 26 47 56 59 64 82 85 93 137 147 148 150 172 177 181 194 308 324 343 498 500 507 

75 8 9 12 19 64 83 97 106 120 225 493 

76 0 5 18 30 42 48 61 132 136 168 173 209 234 235 254 276 287 291 307 373 400 557 

77 11 14 17 22 28 47 50 51 58 97 127 152 172 199 217 249 259 320 356 409 413 468 476 

78 4 12 13 14 19 21 35 46 95 150 176 190 247 393 484 507 

79 0 3 9 10 18 24 27 36 52 87 143 209 303 305 427 

80 5 18 24 30 48 52 53 69 99 102 140 143 168 173 198 221 272 278 281 292 334 337 344 372 384 392 419 431 435 446 

81 11 13 14 32 33 34 37 46 67 147 150 154 176 183 188 191 195 223 269 436 510 

82 6 9 12 13 19 26 33 59 67 74 98 108 114 126 179 193 231 258 312 327 332 352 399 

83 4 6 9 11 12 26 28 56 59 68 75 111 178 183 258 282 288 458 476 

84 2 5 7 10 15 30 36 39 73 103 104 119 153 169 180 228 240 266 270 330 367 453 483 502 

85 6 9 11 12 13 19 22 33 35 57 64 74 89 92 100 111 121 131 162 179 199 207 211 214 223 241 245 283 341 378 382 464 466 482 

86 0 10 15 18 132 139 173 187 227 228 251 262 291 300 314 326 330 403 446 457 483 505 

87 1 5 18 42 49 55 70 72 79 104 140 163 196 236 243 265 276 296 371 398 440 444 477 

88 13 14 17 33 41 64 67 130 133 150 162 176 225 293 418 422 429 458 

89 8 12 14 26 32 46 56 67 85 97 98 106 110 130 155 166 184 213 255 261 322 327 379 383 385 394 422 511 

90 10 29 49 60 73 122 135 143 158 169 192 237 281 337 420 428 454 

91 1 10 73 139 143 185 204 237 240 252 281 373 428 

92 9 11 13 14 17 22 26 47 56 59 63 85 97 115 121 131 137 165 218 245 317 318 348 354 386 397 430 466 476 487 511 

93 9 13 21 33 34 40 51 57 58 65 67 74 175 206 267 316 383 386 

94 15 18 20 61 105 129 157 196 216 219 237 276 279 287 294 339 377 454 506 

95 8 9 13 26 32 35 58 78 127 128 165 167 286 318 342 356 358 380 493 517 624 

96 12 13 19 28 35 50 63 98 106 146 162 171 283 285 348 430 479 

97 8 9 11 12 13 19 21 23 25 26 57 64 75 77 89 92 98 108 131 167 177 194 288 393 399 494 

98 8 9 11 19 26 31 46 56 82 89 96 97 100 114 127 130 146 165 174 249 267 308 312 324 450 458 494 498 

99 2 10 30 53 72 80 141 142 153 169 205 209 236 244 246 337 374 434 

100 4 6 9 11 21 26 28 32 47 59 62 85 98 108 120 128 148 150 188 201 207 213 224 260 274 418 481 486 493 

101 4 6 17 19 25 26 28 32 33 106 147 159 298 319 394 429 

102 3 10 80 140 142 246 262 328 365 408 443 462 

103 0 5 10 11 15 16 24 30 54 84 132 141 157 200 202 209 236 250 326 364 368 485 

104 5 29 44 72 84 87 153 160 205 219 246 264 362 363 400 419 420 477 

105 10 11 12 15 36 49 70 72 94 278 414 

106 9 11 12 17 19 25 37 41 75 89 96 101 109 111 121 172 206 226 241 321 356 399 413 450 507 

107 10 18 27 30 48 53 69 72 112 119 210 212 219 236 252 291 297 326 336 416 432 439 502 

108 17 19 23 32 82 97 100 115 274 388 500 

109 4 8 12 19 21 25 37 47 56 106 116 117 128 175 179 188 247 249 274 298 332 406 466 486 489 494 

110 9 21 25 28 35 41 66 89 121 148 247 271 

111 8 9 11 46 47 50 83 85 106 130 166 181 184 188 388 399 426 

112 2 10 54 72 107 136 168 232 254 295 340 376 416 434 

113 4 6 22 33 37 41 46 47 126 152 218 224 280 288 317 347 449 

114 8 12 17 25 32 82 98 147 162 177 188 293 417 458 463 493 

115 4 13 14 25 35 41 62 92 108 176 179 186 191 247 378 425 476 479 

116 6 14 23 34 40 50 56 65 109 203 399 

117 4 9 12 21 32 33 40 109 121 155 175 176 188 195 203 217 322 479 504 

118 10 15 18 24 48 60 123 124 200 246 262 292 355 

119 0 12 42 55 84 107 132 287 372 391 447 469 471 506 

120 4 9 11 12 19 25 34 37 38 63 65 75 100 130 146 148 461 

121 8 11 13 14 31 63 85 92 106 110 117 147 184 316 319 320 338 381 448 

122 10 15 20 30 55 61 70 90 151 170 215 270 351 372 373 454 471 

123 2 10 18 24 29 118 134 266 292 301 369 398 441 444 

124 7 15 20 61 70 118 187 227 295 311 340 398 421 445 501 

125 3 7 20 24 27 29 30 60 73 135 169 185 289 314 443 483 496 

126 9 11 25 47 56 63 82 113 127 174 181 203 271 347 350 411 417 468 

127 8 11 17 33 63 66 77 95 98 126 167 223 288 461 484 486 

128 9 12 26 31 32 47 95 100 109 178 190 224 258 269 284 308 401 411 422 

129 0 1 7 15 16 69 94 139 220 227 244 256 262 270 291 305 443 495 506 721 

130 32 45 64 66 88 89 98 111 120 181 203 284 304 321 452 494 

131 6 19 26 32 35 46 56 85 92 97 150 195 269 271 308 402 412 430 465 490 504 

132 0 7 15 27 54 76 86 103 119 192 200 331 

133 4 12 19 26 40 45 59 88 152 165 193 224 342 346 393 402 413 

134 9 10 18 123 140 170 182 240 349 368 434 

135 10 24 27 29 30 60 61 90 125 158 161 169 170 216 246 265 310 315 336 369 

136 3 5 10 18 20 42 53 55 69 76 112 140 270 337 339 395 473 

137 13 14 33 74 92 147 201 379 382 436 

138 4 9 12 13 19 25 32 50 56 57 67 156 174 191 211 226 322 450 464 466 

139 10 24 27 55 86 91 129 158 196 205 275 307 372 403 

140 20 27 80 87 102 134 136 173 185 253 281 294 455 

141 27 52 55 60 69 70 99 103 173 220 230 239 276 311 345 370 375 427 447 460 492 495 

142 2 10 18 24 52 55 99 102 169 367 396 407 431 446 453 474 496 501 

143 2 5 27 69 72 79 80 90 91 160 212 232 279 329 432 

144 0 2 20 30 185 250 295 314 330 331 340 349 363 421 506 

145 27 30 54 69 163 197 309 315 414 419 432 459 

146 4 11 12 13 19 33 46 56 68 96 98 120 247 302 318 380 451 466 511 

147 11 14 22 59 74 81 101 114 121 137 191 218 231 274 449 503 572 

148 8 9 17 28 31 33 38 64 74 100 110 120 327 

149 1 16 20 24 29 164 182 228 232 315 447 454 470 496 

150 6 14 17 19 37 74 78 81 88 100 131 156 159 201 218 280 322 324 

151 2 5 7 10 15 18 20 27 122 209 220 262 279 292 331 337 433 442 460 

152 25 33 47 56 77 113 133 186 353 385 

153 18 30 84 99 104 163 182 196 233 235 254 371 376 390 395 405 496 

154 8 12 13 19 21 41 71 81 190 201 207 241 242 245 277 312 383 401 

155 4 8 26 32 33 38 41 47 89 117 207 223 241 283 467 

156 12 19 45 47 50 64 67 138 150 206 242 277 293 333 353 463 

157 3 7 10 27 30 94 103 160 303 329 370 441 488 

158 20 44 90 135 139 168 205 230 300 384 396 404 439 440 474 

159 9 12 40 47 63 101 150 380 

160 10 53 61 69 104 143 157 180 233 281 331 339 398 

161 15 24 27 29 30 135 209 263 326 395 416 456 488 

162 12 14 21 31 43 85 88 96 114 195 343 386 388 394 411 487 

163 8 10 52 72 87 145 153 200 349 427 446 462 

164 3 10 20 69 149 303 370 460 477 658 

165 9 13 19 22 59 92 95 98 133 186 247 248 380 

166 4 6 9 12 31 40 67 89 111 181 241 242 467 491 

167 13 19 45 57 67 95 97 127 203 261 269 280 461 508 

168 0 16 29 73 76 80 112 158 234 257 272 330 392 444 

169 48 84 90 99 125 135 142 182 265 292 310 345 

170 1 2 3 122 134 135 192 235 290 313 315 373 

171 4 11 13 14 19 21 22 25 28 37 40 46 57 68 96 184 188 245 318 389 429 481 484 

172 9 22 40 74 77 106 181 195 247 248 333 350 357 423 463 507 

173 3 10 20 30 76 80 86 140 141 233 235 243 297 435 441 

174 4 8 9 17 21 38 98 126 138 

175 9 19 37 47 93 109 117 177 186 194 248 267 317 324 341 347 353 385 424 437 

176 14 17 23 47 51 65 78 81 88 115 117 273 356 358 379 397 

177 8 11 12 14 28 47 74 97 114 175 181 217 282 347 401 417 461 475 

178 12 25 46 47 50 51 83 128 260 293 423 

179 6 8 12 17 19 21 32 40 45 63 82 85 109 115 206 213 231 424 493 

180 1 7 27 29 30 55 84 160 237 410 431 435 

181 9 11 25 28 66 74 111 126 130 166 172 177 260 271 332 346 424 

182 5 10 20 24 44 49 134 149 153 169 200 

183 8 11 23 26 28 46 56 81 83 261 302 382 479 482 741 

184 12 13 17 21 43 57 62 64 89 111 121 171 

185 1 10 24 42 91 125 140 144 202 428 

186 4 13 46 67 115 152 165 175 482 

187 1 15 20 42 86 124 216 339 366 375 435 

188 9 31 64 67 81 100 109 111 114 117 171 214 320 338 378 425 463 490 

189 16 18 27 29 52 55 69 212 230 326 408 457 473 

190 6 12 37 38 59 64 78 128 154 516 

191 6 11 13 47 51 81 115 138 147 286 346 

192 3 49 52 72 90 132 170 228 243 502 

193 11 13 17 25 41 71 82 133 

194 6 11 12 13 23 28 59 74 97 175 293 308 

195 4 11 13 22 41 81 117 131 162 172 213 341 353 358 

196 1 24 69 87 94 139 153 209 243 270 279 290 416 488 

197 1 5 30 48 55 73 145 275 384 387 497 

198 3 7 16 18 42 72 80 221 238 292 432 492 

199 11 12 14 40 43 56 77 85 249 

200 39 60 69 103 118 132 163 182 204 227 229 244 264 360 419 488 492 

201 9 11 14 17 19 100 137 150 154 285 425 

202 5 16 103 185 244 311 313 368 420 

203 13 34 41 56 116 117 126 130 167 218 255 333 

204 0 3 10 91 200 238 263 314 376 390 457 

205 15 49 99 104 139 158 208 398 

206 9 26 46 62 93 106 156 179 255 260 389 397 426 

207 4 34 56 64 85 100 154 155 280 343 449 

208 15 24 70 205 216 251 351 384 392 416 460 473 

209 27 30 49 54 76 79 99 103 151 161 196 232 362 

210 2 10 44 55 107 234 329 455 

211 11 14 19 23 28 85 138 321 325 461 

212 10 24 29 36 61 107 143 189 257 281 311 

213 9 17 21 33 89 100 179 195 241 248 285 302 335 397 411 418 448 468 490 

214 8 21 25 33 46 85 188 259 412 528 

215 3 15 16 55 122 229 263 309 360 387 444 445 473 

216 10 16 60 94 135 187 208 266 301 472 

217 11 13 14 34 45 47 63 77 117 177 224 259 280 282 285 325 425 

218 13 19 32 56 57 65 67 92 113 147 150 203 247 273 451 

219 7 20 30 36 60 94 104 107 236 237 345 419 427 766 

220 1 10 18 30 60 129 141 151 237 365 434 

221 1 5 9 27 44 80 198 222 281 297 328 

222 10 48 54 61 221 365 391 395 416 434 

223 4 14 17 21 81 85 127 155 306 321 464 

224 19 31 40 68 100 113 128 133 217 226 327 412 449 499 

225 4 6 11 22 26 33 40 59 75 88 401 509 

226 4 9 23 35 46 106 138 224 248 282 288 304 383 415 461 

227 2 10 29 70 86 124 129 200 

228 10 15 84 86 149 192 263 307 311 315 419 469 

229 0 10 18 30 200 215 233 265 266 276 310 340 373 395 410 446 474 

230 20 42 141 158 189 297 323 455 

231 8 25 32 33 37 51 82 147 179 

232 1 2 18 39 55 112 143 149 209 264 

233 69 153 160 173 229 236 253 366 416 

234 3 10 24 44 54 76 168 210 236 279 334 374 477 

235 10 29 76 153 170 173 236 362 384 

236 5 87 99 103 107 219 233 234 235 252 254 359 456 471 

237 39 55 90 91 94 180 219 220 244 289 355 485 

238 1 10 18 20 48 198 204 339 405 

239 2 3 10 16 20 53 141 246 300 303 339 

240 5 10 42 72 84 91 134 250 305 344 400 

241 14 62 85 106 154 155 166 213 318 358 561 

242 8 9 12 13 19 64 154 156 166 277 

243 7 49 53 87 173 192 196 301 345 359 374 

244 18 29 61 99 129 200 202 237 272 290 305 369 374 

245 9 11 13 56 85 92 154 171 335 490 

246 99 102 104 118 135 239 300 314 344 355 462 472 497 505 

247 9 11 14 35 47 56 58 66 78 109 110 115 146 165 172 218 302 306 316 324 338 436 480 

248 8 11 26 46 165 172 175 213 226 332 

249 22 28 35 57 62 77 98 109 199 

250 3 15 18 60 103 144 240 305 323 351 431 

251 3 27 55 61 86 208 278 291 367 369 470 

252 29 44 91 107 236 297 391 456 

253 0 1 10 15 53 61 140 233 345 

254 49 76 112 153 236 287 323 473 495 

255 9 12 28 35 47 63 89 203 206 498 

256 10 15 19 42 129 372 384 405 428 433 485 

257 3 7 16 20 168 212 307 326 

258 12 25 45 58 65 82 83 128 402 486 510 

259 4 9 11 12 23 47 56 67 77 214 217 716 

260 4 8 13 14 17 25 33 100 178 181 206 333 341 

261 6 9 28 32 68 89 167 183 274 412 

262 20 86 102 118 129 151 291 360 367 497 

263 29 70 161 204 215 228 266 268 351 390 

264 5 7 20 39 104 200 232 309 361 428 457 

265 5 20 87 135 169 229 303 331 336 368 377 421 453 

266 0 10 18 42 84 123 216 229 263 362 363 365 398 405 443 

267 11 25 38 57 62 93 98 175 273 422 

268 0 16 18 52 54 263 279 294 311 363 

269 8 11 68 81 128 131 167 352 

270 18 53 72 84 122 129 136 196 279 303 438 497 

271 6 19 25 35 67 110 126 131 181 284 333 399 

272 18 30 69 80 168 244 275 313 371 391 392 453 472 

273 11 12 13 28 35 176 218 267 332 350 352 379 451 464 504 

274 8 17 40 100 108 109 147 261 298 299 325 

275 3 42 44 139 197 272 400 445 474 690 

276 1 2 76 87 94 141 229 400 

277 12 19 28 43 64 154 156 242 352 417 499 

278 36 54 55 69 80 105 251 310 407 

279 3 73 94 143 151 196 234 268 270 323 364 371 442 469 

280 8 19 28 45 62 113 150 167 207 217 386 509 

281 29 55 70 80 90 91 140 160 212 221 289 339 340 366 410 

282 11 12 25 26 33 83 177 217 226 298 316 354 385 

283 6 8 11 17 62 85 96 155 342 394 448 449 

284 9 11 31 33 128 130 271 353 465 487 

285 4 11 12 33 37 47 96 201 213 217 347 511 

286 4 9 19 33 47 51 95 191 418 

287 1 7 76 94 119 254 294 340 360 428 470 478 

288 11 26 46 47 58 83 97 113 127 226 413 635 

289 15 18 27 61 125 237 281 364 373 387 471 477 478 

290 2 7 55 170 196 244 453 469 

291 0 27 69 76 86 107 129 251 262 444 755 

292 5 54 69 72 80 118 123 151 169 198 307 309 360 395 419 433 445 459 

293 43 47 88 114 156 178 194 299 476 

294 3 16 18 29 42 72 94 140 268 287 330 336 416 420 434 442 454 502 

295 2 7 24 52 55 69 112 124 144 405 445 

296 0 3 10 30 44 87 331 365 370 505 

297 5 15 20 44 107 173 221 230 252 310 376 

298 9 13 22 23 101 109 274 282 320 430 482 510 

299 4 8 11 12 14 23 31 274 293 389 

300 10 27 86 158 239 246 427 431 433 457 505 

301 2 10 13 44 70 123 216 243 387 

302 4 11 23 26 38 146 183 213 247 353 532 

303 5 48 79 157 164 239 265 270 390 456 502 

304 4 8 9 56 62 67 130 226 357 417 451 464 479 507 509 

305 0 3 39 79 129 240 244 250 361 608 

306 6 8 12 21 26 31 223 247 430 437 507 

307 3 76 139 228 257 292 374 446 

308 28 37 51 68 74 98 128 131 194 389 406 

309 9 30 70 145 215 264 292 442 483 

310 29 42 135 169 229 278 297 363 374 

311 20 49 60 124 141 202 212 228 268 337 368 372 419 456 505 

312 4 11 12 33 82 98 154 424 480 481 491 

313 10 69 170 202 272 323 331 351 443 456 

314 1 3 5 20 86 125 144 204 246 441 485 501 

315 15 24 72 135 145 149 170 228 408 439 501 744 

316 9 12 17 33 46 58 93 121 247 282 437 498 

317 13 14 19 33 46 92 113 175 382 386 423 557 

318 12 14 92 95 146 171 241 325 335 452 484 508 

319 4 9 21 46 64 68 101 121 346 

320 17 33 46 50 77 121 188 298 430 

321 12 13 22 56 67 106 130 211 223 

322 4 8 12 26 89 117 138 150 399 

323 10 48 69 230 250 254 279 313 

324 19 21 56 74 98 150 175 247 

325 9 11 12 19 33 211 217 274 318 353 449 465 

326 15 86 103 107 161 189 257 330 410 421 

327 11 34 38 71 82 89 148 224 357 448 

328 8 10 18 27 39 102 221 435 495 

329 0 3 20 143 157 210 359 428 445 495 

330 20 84 86 144 168 294 326 372 404 407 

331 15 27 55 132 144 151 160 265 296 313 

332 8 14 28 82 109 181 248 273 343 565 

333 12 25 26 57 156 172 203 260 271 468 

334 5 15 27 29 48 80 234 396 

335 14 65 213 245 318 393 402 424 489 

336 29 73 107 135 265 294 362 433 434 462 

337 7 80 90 99 136 151 311 366 396 408 

338 9 13 14 21 22 57 121 188 247 341 346 389 418 481 491 

339 10 30 36 73 94 136 160 187 238 239 281 407 439 453 

340 10 49 112 124 144 229 281 287 649 

341 9 34 85 175 195 260 338 388 437 

342 9 11 13 32 46 95 133 283 385 394 409 451 

343 6 8 35 74 162 207 332 381 508 

344 0 2 10 24 48 80 240 246 359 506 

345 2 44 73 141 169 219 243 253 

346 13 32 37 41 133 181 191 319 338 

347 21 34 41 113 126 175 177 285 458 559 

348 4 9 31 34 57 62 92 96 352 381 382 467 

349 0 1 3 15 20 29 134 144 163 420 455 488 

350 6 12 14 22 67 68 126 172 273 413 598 

351 4 36 52 61 122 208 250 263 313 355 361 368 375 435 439 483 492 

352 4 32 56 68 82 269 273 277 348 463 

353 4 9 152 156 175 195 284 302 325 560 

354 6 8 11 17 19 21 23 92 282 397 409 418 449 481 

355 15 20 27 49 118 237 246 351 478 

356 6 19 28 67 77 95 106 176 491 

357 11 13 23 33 46 67 172 304 327 

358 28 38 40 95 176 195 241 422 486 

359 0 5 24 27 48 236 243 329 344 

360 10 54 200 215 262 287 292 367 371 414 666 

361 15 24 49 60 70 264 305 351 435 

362 30 39 104 209 235 266 336 485 

363 15 27 42 104 144 266 268 310 404 708 

364 15 20 69 103 279 289 373 439 446 473 

365 10 20 69 102 220 222 266 296 414 432 

366 16 18 24 55 187 233 281 337 369 377 400 438 

367 10 18 84 142 251 262 360 407 427 

368 7 36 103 134 202 265 311 351 408 

369 10 15 123 135 244 251 366 414 

370 39 44 69 141 157 164 296 405 410 438 469 

371 10 16 18 87 153 272 279 360 

372 24 80 119 122 139 256 311 330 387 438 470 

373 76 91 122 170 229 289 364 460 474 

374 10 29 99 234 243 244 307 310 497 690 

375 2 7 49 55 141 187 351 474 

376 0 1 2 53 112 153 204 297 

377 3 4 10 20 94 265 366 403 478 

378 9 12 32 38 46 85 115 188 

379 4 8 11 12 89 137 176 273 493 519 

380 4 9 12 23 95 146 159 165 

381 11 12 33 40 121 343 348 480 

382 11 26 34 51 85 137 183 317 348 475 480 499 

383 11 25 31 33 56 89 93 154 226 415 

384 5 7 80 158 197 208 235 256 

385 19 33 89 152 175 282 342 430 

386 8 19 92 93 162 280 317 487 

387 18 197 215 289 301 372 432 462 

388 22 28 38 108 111 162 341 426 

389 12 22 46 171 206 299 308 338 415 

390 3 12 24 44 153 204 263 303 405 407 501 

391 0 7 119 222 252 272 454 462 469 

392 2 7 16 29 80 168 208 272 

393 19 21 33 34 78 97 133 335 413 716 

394 6 8 26 33 89 101 162 283 342 503 

395 1 15 49 136 153 161 222 229 292 

396 10 52 60 142 158 334 337 408 420 

397 13 34 62 92 176 206 213 354 

398 2 5 30 87 123 124 160 205 266 

399 11 12 82 97 106 111 116 271 322 411 418 

400 0 10 76 104 240 275 276 366 

401 8 12 19 33 58 128 154 177 225 

402 10 11 13 34 40 62 131 133 258 335 

403 5 10 15 55 70 86 139 377 497 

404 10 20 42 53 54 55 158 330 363 

405 2 153 238 256 266 295 370 390 

406 8 14 31 37 43 45 109 308 463 

407 1 10 29 142 278 330 339 367 390 

408 15 55 102 189 315 337 368 396 715 

409 6 26 41 45 77 342 354 484 

410 0 10 69 180 229 281 326 370 505 

411 8 26 57 126 128 162 213 399 511 

412 6 12 21 65 131 214 224 261 

413 9 12 41 77 106 133 288 350 393 

414 0 20 39 105 145 360 365 369 432 434 

415 4 12 35 46 57 226 383 389 499 

416 2 42 107 112 161 196 208 222 233 294 

417 11 19 46 114 126 177 277 304 511 

418 88 100 213 286 338 354 399 475 

419 80 104 145 200 219 228 292 311 495 

420 16 20 90 104 202 294 349 396 432 

421 5 10 39 54 69 124 144 265 326 

422 11 19 32 88 89 128 267 358 482 

423 8 13 26 32 41 71 172 178 317 

424 9 33 40 56 175 179 181 312 335 

425 8 19 31 62 115 188 201 217 

426 6 8 9 11 51 111 206 388 451 

427 18 69 79 141 163 219 300 367 

428 27 90 91 185 256 264 287 329 

429 4 6 13 65 88 101 171 452 

430 9 51 59 92 96 131 298 306 320 385 461 

431 20 27 80 142 180 250 300 492 

432 30 52 107 143 145 198 365 387 414 420 

433 0 15 20 151 256 292 300 336 474 

434 16 99 112 134 220 222 294 336 414 

435 18 80 173 180 187 328 351 361 

436 8 33 34 56 64 81 137 247 464 

437 13 33 47 175 306 316 341 486 

438 5 29 48 53 270 366 370 372 447 

439 5 44 55 107 158 315 339 351 364 720 

440 7 10 27 29 49 54 87 158 

441 0 16 29 30 123 157 173 314 459 

442 12 48 60 151 279 294 309 492 

443 0 5 102 125 129 266 313 488 

444 0 44 49 87 123 168 215 291 472 473 505 633 

445 10 42 124 215 275 292 295 329 455 

446 27 80 86 142 163 229 307 364 

447 2 3 20 119 141 149 438 457 485 

448 11 37 68 121 213 283 327 475 751 

449 23 113 147 207 224 283 325 354 494 

450 9 11 12 14 33 43 98 106 138 452 

451 11 28 41 146 218 273 304 342 426 

452 9 11 12 17 33 71 130 318 429 450 468 476 

453 7 54 84 142 265 272 290 339 

454 24 29 90 94 122 149 294 391 

455 10 20 30 42 140 210 230 349 445 459 506 

456 30 61 161 236 252 303 311 313 

457 5 20 44 86 189 204 264 300 447 

458 11 19 64 83 88 98 114 347 679 

459 1 36 52 145 292 441 455 469 

460 5 20 29 141 151 164 208 373 501 

461 17 120 127 167 177 211 226 430 

462 10 20 102 163 246 336 387 391 

463 4 14 114 156 172 188 352 406 479 

464 40 58 85 138 223 273 304 436 

465 9 13 35 64 131 284 325 479 486 

466 12 28 43 85 92 109 138 146 

467 8 11 13 46 57 155 166 348 

468 9 14 65 77 126 213 333 452 

469 5 119 228 279 290 370 391 459 

470 2 10 30 44 149 251 287 372 683 

471 10 15 24 53 119 122 236 289 

472 24 44 60 73 216 246 272 444 

473 20 136 189 208 215 254 364 444 

474 10 39 142 158 229 275 373 375 433 

475 11 17 19 62 177 382 418 448 

476 23 37 77 83 92 115 293 452 

477 16 24 27 87 104 164 234 289 

478 20 29 30 54 287 289 355 377 495 731 

479 46 96 115 117 183 304 463 465 

480 4 9 26 35 247 312 381 382 

481 9 17 26 100 171 312 338 354 

482 14 17 64 85 183 186 298 422 

483 18 29 36 84 86 125 309 351 

484 9 14 45 78 127 171 318 409 507 

485 29 69 103 237 256 314 362 447 

486 59 67 100 109 127 258 358 437 465 

487 8 13 31 56 62 92 162 284 386 

488 36 60 157 161 196 200 349 443 

489 8 11 12 17 21 33 67 109 335 508 

490 4 6 19 38 131 188 213 245 

491 13 35 46 65 166 312 338 356 

492 15 29 141 198 200 351 431 442 536 716 

493 4 9 19 75 95 100 114 179 379 

494 9 33 66 97 98 109 130 449 

495 10 129 141 254 328 329 419 478 

496 2 42 72 125 142 149 153 502 

497 39 55 197 246 262 270 374 403 

498 13 19 67 74 98 255 316 509 

499 6 23 25 34 224 277 382 415 

500 4 32 35 46 56 68 74 108 

501 16 72 124 142 314 315 390 460 

502 30 49 84 107 192 294 303 496 

503 4 11 13 28 46 47 147 394 

504 8 12 25 35 65 117 131 273 

505 70 86 246 296 300 311 410 444 

506 10 60 94 119 129 144 344 455 

507 12 74 78 106 172 304 306 484 

508 6 26 31 41 167 318 343 489 

509 11 12 21 26 225 280 304 498 

510 8 19 31 56 68 81 258 298 

511 32 43 89 92 146 285 411 417 

512 520 543 544 589 

513 520 521 522 523 524 525 527 529 536 539 545 550 564 571 578 593 594 601 603 615 616 620 634 647 665 688 690 702 704 708 723 732 733 743 758 

514 520 521 523 524 525 527 528 529 530 531 532 536 537 538 550 555 567 584 614 617 636 643 644 655 656 673 680 689 736 753 760 

515 520 521 522 523 525 527 531 537 540 544 545 548 549 556 568 569 573 574 578 581 588 590 597 606 610 611 621 627 648 680 693 738 741 752 

516 190 520 521 522 523 532 534 538 539 543 544 548 562 568 576 584 606 607 612 622 628 636 646 653 658 665 705 711 733 757 

517 95 520 521 522 528 529 532 545 549 558 582 618 647 669 671 692 697 711 720 

518 520 521 522 524 526 529 531 544 554 567 579 593 609 613 616 617 622 640 690 693 694 703 736 743 745 751 753 765 

519 379 520 521 522 523 524 526 527 528 534 547 550 563 566 588 592 619 630 639 648 652 658 672 692 765 

520 512 513 514 515 516 517 518 519 521 522 523 524 525 526 527 528 530 532 533 534 535 536 537 539 540 541 542 543 544 546 547 549 555 557 558 560 567 568 570 571 579 581 583 586 592 594 596 598 604 610 616 621 626 627 634 640 642 650 656 659 663 664 667 676 681 683 684 691 700 708 714 715 720 731 736 739 742 752 757 763 

521 513 514 515 516 517 518 519 520 522 523 524 525 526 529 530 532 533 534 536 537 539 540 549 551 554 555 556 559 560 569 573 582 590 594 606 607 608 610 624 626 636 637 641 648 649 650 659 666 670 671 673 693 694 695 696 714 731 739 742 745 747 752 761 766 

522 513 515 516 517 518 519 520 521 523 524 525 526 528 532 535 541 542 553 559 564 566 574 602 605 613 628 636 650 663 691 696 706 726 756 

523 513 514 515 516 519 520 521 522 524 525 526 527 528 529 530 531 533 535 538 540 541 542 543 545 546 550 557 558 560 562 564 565 572 578 580 581 582 583 584 592 593 598 599 612 614 615 618 631 638 639 641 654 656 659 660 661 662 677 678 689 698 699 706 707 709 711 713 714 727 736 738 743 759 

524 513 514 518 519 520 521 522 523 525 526 531 533 537 543 547 549 552 554 583 587 588 593 616 618 629 672 691 717 721 726 728 735 744 

525 513 514 515 520 521 522 523 524 526 527 530 531 532 533 535 536 537 539 544 546 549 551 556 557 565 566 571 573 576 585 586 587 589 597 610 615 616 619 627 629 640 641 647 660 680 694 700 702 704 718 746 761 763 

526 518 519 520 521 522 523 524 525 527 528 529 530 531 533 536 542 545 546 547 550 557 558 567 568 570 576 581 594 599 600 604 609 627 628 632 636 653 674 681 690 698 709 710 717 728 750 752 760 

527 513 514 515 519 520 523 525 526 528 529 533 542 548 556 557 562 565 566 574 578 579 591 595 596 605 611 615 645 647 657 660 661 663 680 681 683 704 711 734 737 738 740 747 749 755 764 

528 214 514 517 519 520 522 523 526 527 530 534 535 536 538 541 544 547 548 551 552 554 555 558 564 566 567 570 589 590 600 601 603 613 615 622 633 653 661 673 679 692 703 705 726 761 766 

529 513 514 517 518 521 523 526 527 530 531 534 535 538 545 555 574 577 583 587 619 629 634 706 735 765 

530 514 520 521 523 525 526 528 529 532 535 537 538 539 540 550 559 565 575 577 589 592 597 603 609 612 614 617 620 625 626 630 640 649 654 662 683 689 695 696 707 719 729 735 736 

531 514 515 518 523 524 525 526 529 534 546 549 557 566 570 572 574 594 607 612 672 765 

532 302 514 516 517 520 521 522 525 530 533 534 536 537 538 540 542 547 548 550 551 552 553 556 561 571 572 579 582 585 586 587 588 596 597 609 614 620 625 631 634 635 641 643 647 654 657 658 659 671 674 677 682 700 711 718 731 744 749 755 

533 520 521 523 524 525 526 527 532 539 541 549 552 555 559 563 583 586 587 588 590 603 619 623 669 689 718 737 740 752 

534 516 519 520 521 528 529 531 532 535 540 541 542 543 547 552 560 563 570 575 577 594 600 606 611 613 623 627 629 631 632 644 669 683 687 722 726 756 

535 520 522 523 525 528 529 530 534 539 540 548 553 560 564 571 577 578 623 628 647 676 678 706 729 732 760 

536 492 513 514 520 521 525 526 528 532 538 541 542 544 546 552 560 562 569 587 590 591 598 599 600 671 672 673 680 690 695 711 720 733 742 743 749 763 765 

537 514 515 520 521 524 525 530 532 541 543 545 551 559 561 625 642 669 670 693 698 709 714 731 736 737 747 749 

538 514 516 523 528 529 530 532 536 543 546 548 553 565 570 589 613 614 624 650 662 677 680 698 705 719 724 728 

539 513 516 520 521 525 530 533 535 545 552 561 566 569 572 608 614 618 621 648 649 658 659 683 688 697 720 723 730 737 738 749 763 

540 515 520 521 523 530 532 534 535 551 554 557 560 567 568 585 586 619 657 664 741 762 

541 520 522 523 528 533 534 536 537 546 577 593 597 606 621 622 646 665 668 669 678 693 697 701 712 743 745 767 

542 520 522 523 526 527 532 534 536 548 553 558 562 563 571 572 577 578 580 581 588 593 594 597 601 604 614 618 629 633 641 655 669 672 679 684 706 710 711 714 716 719 721 724 725 742 745 752 764 767 

543 512 516 520 523 524 534 537 538 554 578 596 599 604 620 621 663 673 677 684 686 704 732 739 758 759 

544 512 515 516 518 520 525 528 536 553 561 570 573 595 612 621 631 661 664 675 685 686 740 741 745 752 

545 513 515 517 523 526 529 537 539 552 558 564 583 600 613 618 620 624 625 630 639 651 662 699 715 725 729 741 

546 520 523 525 526 531 536 538 541 547 553 555 559 568 569 592 593 598 605 608 610 611 631 637 656 660 664 665 667 717 723 727 742 

547 519 520 524 526 528 532 534 546 556 585 592 596 600 602 637 641 649 682 713 735 755 

548 515 516 527 528 532 535 538 542 551 557 563 569 573 580 582 590 615 627 629 630 697 709 

549 515 517 520 521 524 525 531 533 550 551 554 558 571 576 599 603 623 633 638 668 686 701 702 707 750 

550 513 514 519 523 526 530 532 549 559 560 564 565 567 575 576 580 585 586 588 589 591 621 626 632 633 634 643 667 681 682 690 694 702 720 723 736 758 763 

551 521 525 528 532 537 540 548 549 563 584 601 612 626 652 654 689 698 747 751 

552 524 528 532 533 534 536 539 545 553 556 559 561 562 565 566 575 579 584 587 595 598 599 600 614 617 622 627 640 643 655 664 667 705 707 716 729 730 744 765 

553 522 532 535 538 542 544 546 552 554 556 561 575 582 590 591 595 684 690 691 700 705 723 728 733 762 

554 518 521 524 528 540 543 549 553 555 572 573 576 579 597 607 645 650 654 670 678 688 702 709 710 

555 514 520 521 528 529 533 546 554 561 571 572 575 576 580 581 589 602 633 634 635 645 653 

556 515 521 525 527 532 547 552 553 563 568 569 573 584 606 635 652 688 691 694 717 742 

557 76 317 520 523 525 526 527 531 540 548 562 568 569 580 591 600 617 629 637 646 668 685 704 734 749 764 

558 517 520 523 526 528 542 545 549 602 613 634 637 651 679 736 761 

559 347 521 522 530 533 537 546 550 552 561 563 567 574 585 593 601 602 604 624 626 630 639 654 687 693 717 718 735 

560 353 520 521 523 534 535 536 540 550 562 572 578 584 638 685 748 

561 241 532 537 539 544 552 553 555 559 582 587 610 625 639 642 676 708 722 725 

562 516 523 527 536 542 552 557 560 564 592 596 608 615 623 628 637 650 684 716 722 726 749 758 

563 519 533 534 542 548 551 556 559 583 605 608 609 635 658 660 665 676 719 724 728 729 740 751 758 

564 513 522 523 528 535 545 550 562 565 592 606 617 622 623 625 635 641 650 663 682 686 719 721 754 758 

565 332 523 525 527 530 538 550 552 564 575 604 607 643 680 

566 519 522 525 527 528 531 539 552 583 585 586 591 594 599 601 607 644 655 656 662 685 686 695 706 

567 514 518 520 526 528 540 550 559 570 575 608 612 663 

568 515 516 520 526 540 546 556 557 577 589 609 632 649 650 653 656 662 675 705 732 

569 515 521 536 539 546 548 556 557 574 579 595 634 636 638 670 671 692 699 

570 520 526 528 531 534 538 544 567 580 588 591 620 654 658 668 675 677 678 696 755 

571 513 520 525 532 535 542 549 555 573 574 576 595 596 658 668 699 710 752 766 

572 147 523 531 532 539 542 554 555 560 577 590 595 602 603 609 611 652 669 682 691 699 701 713 714 746 756 757 

573 515 521 525 544 548 554 556 571 624 627 645 666 679 732 

574 515 522 527 529 531 559 569 571 702 722 748 

575 530 534 550 552 553 555 565 567 581 608 620 643 685 

576 516 525 526 549 550 554 555 571 580 581 586 603 610 617 619 622 676 690 741 747 756 

577 529 530 534 535 541 542 568 572 595 615 667 684 713 

578 513 515 523 527 535 542 543 560 579 604 646 655 684 708 

579 518 520 527 532 552 554 569 578 598 638 648 666 693 744 

580 523 542 548 550 555 557 570 576 619 632 642 720 735 741 745 

581 515 520 523 526 542 555 575 576 582 584 596 605 613 638 662 674 689 695 707 718 733 

582 517 521 523 532 548 553 561 581 585 605 608 630 645 679 687 759 

583 520 523 524 529 533 545 563 566 618 624 745 

584 514 516 523 551 552 556 560 581 591 633 642 675 688 697 715 727 753 

585 525 532 540 547 550 559 566 582 601 621 622 629 670 724 

586 520 525 532 533 540 550 566 576 605 612 704 712 723 724 727 737 759 766 

587 524 525 529 532 533 536 552 561 598 624 639 644 658 703 710 711 729 

588 515 519 524 532 533 542 550 570 632 

589 512 525 528 530 538 550 555 568 644 673 678 687 694 750 

590 515 521 528 533 536 548 553 572 623 689 

591 527 536 550 553 557 566 570 584 625 636 637 640 647 712 

592 519 520 523 530 546 547 562 564 604 620 635 651 665 679 

593 513 518 523 524 541 542 546 559 616 624 631 636 649 677 716 740 

594 513 520 521 526 531 534 542 566 598 602 607 609 610 628 659 685 699 717 722 726 728 749 751 

595 527 544 552 553 569 571 572 577 597 601 721 739 750 

596 520 527 532 543 547 562 571 581 599 602 619 724 

597 515 525 530 532 541 542 554 595 603 

598 350 520 523 536 546 552 579 587 594 607 642 648 655 671 677 694 

599 523 526 536 543 549 552 566 596 628 641 648 660 676 713 

600 526 528 534 536 545 547 552 557 606 611 653 657 719 725 

601 513 528 542 551 559 566 585 595 618 640 723 726 754 

602 522 547 555 558 559 572 594 596 623 644 671 673 675 685 691 715 728 

603 513 528 530 533 549 572 576 597 611 647 649 655 684 691 709 721 725 766 

604 520 526 542 543 559 565 578 592 605 617 644 651 657 661 663 664 762 

605 522 527 546 563 581 582 586 604 616 628 639 700 712 722 744 761 

606 515 516 521 534 541 556 564 600 640 651 662 712 

607 516 521 531 554 565 566 594 598 660 665 

608 305 521 539 546 562 563 567 575 582 645 646 672 694 696 757 

609 518 526 530 532 563 568 572 594 611 616 638 664 677 766 

610 515 520 521 525 546 561 576 594 646 669 674 741 746 748 753 759 

611 515 527 534 546 572 600 603 609 626 631 660 666 734 

612 516 523 530 531 544 551 567 586 756 

613 518 522 528 534 538 545 558 581 682 761 

614 514 523 530 532 538 539 542 552 625 709 

615 513 523 525 527 528 548 562 577 626 661 732 740 

616 513 518 520 524 525 593 605 609 630 633 653 707 713 746 

617 514 518 530 552 557 564 576 604 710 739 

618 517 523 524 539 542 545 583 601 687 695 733 760 

619 519 525 529 533 540 576 580 596 666 668 679 681 686 687 703 715 764 

620 513 530 532 543 545 570 575 592 633 635 643 661 678 688 700 763 

621 515 520 539 541 543 544 550 585 717 

622 516 518 528 541 552 564 576 585 632 649 652 

623 533 534 535 549 562 564 590 602 631 638 667 714 726 735 747 764 

624 95 521 538 545 559 573 583 587 593 637 655 731 

625 530 532 537 545 561 564 591 614 632 645 667 674 676 678 682 688 703 713 725 740 743 747 750 

626 520 521 530 550 551 559 611 615 630 651 652 700 

627 515 520 525 526 534 548 552 573 693 719 

628 516 522 526 535 562 594 599 605 646 653 704 716 

629 524 525 529 534 542 548 557 585 692 722 730 

630 519 530 545 548 559 582 616 626 644 648 737 

631 523 532 534 544 546 593 611 623 635 668 675 718 767 

632 526 534 550 568 580 588 622 625 703 716 750 

633 444 528 542 549 550 555 584 616 620 657 697 698 707 761 

634 513 520 529 532 550 555 558 569 646 727 735 

635 288 532 555 556 563 564 592 620 631 651 715 

636 514 516 521 522 526 569 591 593 639 683 

637 521 546 547 557 558 562 591 624 671 754 767 

638 523 549 560 569 579 581 609 623 642 652 682 744 

639 519 523 545 559 561 587 605 636 642 760 

640 518 520 525 530 552 591 601 606 676 683 701 

641 521 523 525 532 542 547 564 599 643 651 674 754 

642 520 537 561 580 584 598 638 639 

643 514 532 550 552 565 575 620 641 645 657 663 666 686 687 695 727 754 

644 514 534 566 587 589 602 604 630 688 701 704 708 721 

645 527 554 555 573 582 608 625 643 656 698 730 744 755 

646 516 541 557 578 608 610 628 634 652 654 656 673 681 699 720 724 762 

647 513 517 525 527 532 535 591 603 675 696 712 720 729 743 751 753 754 

648 515 519 521 539 579 598 599 630 659 665 706 728 750 

649 340 521 530 539 547 568 593 603 622 674 683 732 754 

650 520 521 522 538 554 562 564 568 703 755 

651 545 558 592 604 606 626 635 641 738 

652 519 551 556 572 622 626 638 646 659 666 670 

653 516 526 528 555 568 600 616 628 664 739 

654 523 530 532 551 554 559 570 646 657 697 760 

655 514 542 552 566 578 598 603 624 661 674 759 760 764 

656 514 520 523 546 566 568 645 646 753 

657 527 532 540 600 604 633 643 654 748 

658 164 516 519 532 539 563 570 571 587 672 687 692 707 708 717 

659 520 521 523 532 539 594 648 652 701 731 

660 523 525 527 546 563 599 607 611 685 690 701 730 

661 523 527 528 544 604 615 620 655 667 705 731 764 

662 523 530 538 545 566 568 581 606 681 

663 520 522 527 543 564 567 604 643 666 668 672 708 715 719 723 

664 520 540 544 546 552 604 609 653 692 725 733 734 737 

665 513 516 541 546 563 592 607 648 675 692 699 

666 360 521 573 579 611 619 643 652 663 670 

667 520 546 550 552 577 623 625 661 738 767 

668 541 549 557 570 571 619 631 663 670 686 

669 517 533 534 537 541 542 572 610 710 

670 521 537 554 569 585 652 666 668 700 722 

671 517 521 532 536 569 598 602 637 739 748 

672 519 524 531 536 542 608 658 663 737 740 743 

673 514 521 528 536 543 589 602 646 

674 526 532 581 610 625 641 649 655 731 741 762 

675 544 568 570 584 602 631 647 665 679 680 689 702 713 718 739 767 

676 520 535 561 563 576 599 625 640 697 714 744 757 

677 523 532 538 543 570 593 598 609 738 

678 523 535 541 554 570 589 620 625 703 748 753 

679 458 528 542 558 573 582 592 619 675 706 

680 514 515 525 527 536 538 565 675 681 

681 520 526 527 550 619 646 662 680 746 758 762 

682 532 547 550 564 572 613 625 638 

683 470 520 527 530 534 539 636 640 649 698 733 

684 520 542 543 553 562 577 578 603 

685 544 557 560 566 575 594 602 660 696 

686 543 544 549 564 566 619 643 668 742 750 

687 534 559 582 589 618 619 643 658 729 745 756 767 

688 513 539 554 556 584 620 625 644 757 

689 514 523 530 533 551 581 590 675 695 746 

690 275 374 513 518 526 536 550 553 576 660 702 747 758 

691 520 522 524 553 556 572 602 603 721 

692 8 517 519 528 569 629 658 664 665 724 734 763 

693 515 518 521 537 541 559 579 627 

694 518 521 525 550 556 589 598 608 696 730 734 

695 521 530 536 566 581 618 643 689 710 

696 521 522 530 570 608 647 685 694 767 

697 517 539 541 548 584 633 654 676 

698 523 526 537 538 551 633 645 683 705 725 

699 523 545 569 571 572 594 646 665 701 715 727 761 

700 520 525 532 553 605 620 626 670 

701 541 549 572 640 644 659 660 699 

702 513 525 549 550 554 574 675 690 708 716 732 

703 518 528 587 619 625 632 650 678 

704 513 525 527 543 557 586 628 644 730 759 764 765 

705 516 528 538 552 553 568 661 698 709 716 746 

706 522 523 529 535 542 566 648 679 712 718 755 

707 523 530 549 552 581 616 633 658 

708 363 513 520 561 578 644 658 663 702 748 751 

709 523 526 537 548 554 603 614 705 712 757 759 

710 526 542 554 571 587 617 669 695 

711 66 516 517 523 527 532 536 542 587 

712 541 586 591 605 606 647 706 709 734 751 

713 523 547 572 577 599 616 625 675 742 

714 520 521 523 537 542 572 623 676 

715 408 520 545 584 602 619 635 663 699 751 

716 259 393 492 542 552 562 593 628 632 702 705 721 

717 524 526 546 556 559 594 621 658 

718 525 532 533 559 581 631 675 706 

719 530 538 542 563 564 600 627 663 727 734 748 

720 439 517 520 536 539 550 580 646 647 

721 129 524 542 564 595 603 644 691 716 

722 534 561 562 574 594 605 629 670 

723 513 539 546 550 553 586 601 663 765 

724 538 542 563 585 586 596 646 692 753 

725 542 545 561 600 603 625 664 698 730 756 

726 522 524 528 534 562 594 601 623 755 

727 523 546 584 586 634 643 699 719 

728 524 526 538 553 563 594 602 648 

729 530 535 545 552 563 587 647 687 738 

730 539 552 629 645 660 694 704 725 746 

731 478 520 521 532 537 624 659 661 674 762 

732 513 535 543 568 573 615 649 702 

733 513 516 536 553 581 618 664 683 

734 527 557 611 664 692 694 712 719 

735 524 529 530 547 559 580 623 634 763 766 

736 514 518 520 523 530 537 550 558 

737 527 533 537 539 586 630 664 672 

738 515 523 527 539 651 667 677 729 

739 520 521 543 595 617 653 671 675 

740 527 533 544 563 593 615 625 672 

741 183 515 540 544 545 576 580 610 674 

742 520 521 536 542 546 556 686 713 

743 513 518 523 536 541 625 647 672 754 

744 315 524 532 552 579 605 638 645 676 

745 518 521 541 542 544 580 583 687 

746 525 572 610 616 681 689 705 730 

747 521 527 537 551 576 623 625 690 

748 560 574 610 657 671 678 708 719 756 

749 527 532 536 537 539 557 562 594 760 

750 526 549 589 595 625 632 648 686 757 

751 448 518 551 563 594 647 708 712 715 

752 515 520 521 526 533 542 544 571 

753 514 518 584 610 647 656 678 724 

754 564 601 637 641 643 647 649 743 

755 291 527 532 547 570 645 650 706 726 

756 522 534 572 576 612 687 725 748 

757 516 520 572 608 676 688 709 750 766 

758 513 543 550 562 563 564 681 690 

759 523 543 582 586 610 655 704 709 762 

760 514 526 535 618 639 654 655 749 

761 521 525 528 558 605 613 633 699 

762 540 553 604 646 674 681 731 759 

763 520 525 536 539 550 620 692 735 

764 527 542 557 619 623 655 661 704 

765 518 519 529 531 536 552 704 723 

766 219 521 528 571 586 603 609 735 757 

767 541 542 631 637 667 675 687 696 