0 8 9 23 28 57 64 145 240 447 639 946 

1 8 10 12 13 14 18 19 21 31 38 39 43 48 51 54 56 60 61 74 77 79 94 187 191 199 202 219 235 237 267 269 286 295 316 322 326 346 350 384 389 395 399 407 456 507 552 573 668 676 683 740 748 789 822 832 856 861 888 

2 8 9 10 11 14 20 41 45 50 52 65 72 76 81 88 163 164 211 229 244 251 274 282 303 366 374 434 442 447 458 460 468 469 485 504 514 520 551 574 606 615 652 656 658 666 679 706 715 897 910 958 959 969 970 

3 8 9 16 32 33 46 64 68 78 82 90 94 96 102 110 137 153 170 228 229 255 268 272 317 325 348 351 358 395 540 558 585 618 742 787 869 878 950 964 968 981 

4 8 9 10 11 12 15 17 21 23 24 25 32 40 44 54 59 88 96 102 118 122 125 126 129 139 145 172 173 176 183 186 193 238 263 273 274 295 299 303 308 325 327 333 361 431 447 454 456 459 476 480 486 542 565 574 582 612 614 625 657 659 660 685 705 717 773 821 827 837 861 889 905 924 926 931 933 985 995 998 

5 8 9 10 11 13 15 16 17 19 20 22 23 25 30 31 33 34 35 38 39 41 53 57 63 64 65 67 69 73 85 91 93 101 104 112 114 121 127 129 131 133 135 149 150 153 156 175 176 178 183 188 189 192 194 225 228 238 239 243 247 254 256 258 260 274 290 299 302 305 310 311 323 342 354 358 363 365 367 380 393 401 408 409 410 445 454 455 464 490 504 508 510 521 526 531 575 581 586 597 627 649 666 669 709 713 734 757 772 785 796 810 812 828 885 918 929 942 952 954 956 962 991 

6 8 9 10 11 12 13 14 15 17 21 25 29 33 34 38 39 40 42 47 48 49 56 59 61 63 66 70 71 76 90 93 101 104 108 125 128 131 141 143 148 149 152 156 158 163 170 173 178 181 183 195 232 234 242 252 255 262 264 275 293 301 313 324 369 377 380 387 410 413 424 451 455 459 477 490 499 505 510 529 532 537 587 594 603 607 619 642 643 647 656 674 703 773 805 816 870 879 913 914 916 930 957 977 

7 8 9 10 11 12 15 16 21 28 30 31 33 34 35 36 41 42 45 46 49 51 53 57 61 73 81 86 87 96 123 141 146 147 153 154 159 162 165 185 196 203 204 208 209 224 226 227 233 252 259 263 271 284 296 307 311 329 346 360 370 385 408 410 416 445 485 515 518 541 557 567 596 610 623 636 639 670 685 692 813 825 832 847 868 895 903 907 913 941 997 

8 0 1 2 3 4 5 6 7 9 10 11 12 13 14 18 19 21 22 24 26 28 29 30 31 34 36 40 43 44 46 47 49 51 52 58 61 68 69 71 80 82 100 112 116 123 126 132 138 139 140 151 154 155 171 172 187 195 197 203 216 217 225 256 257 263 290 299 304 325 330 351 356 357 372 392 398 404 410 432 433 436 446 457 458 465 471 489 491 514 517 524 526 529 532 536 543 566 569 578 580 609 633 637 658 663 686 688 699 701 724 726 728 759 771 774 780 783 841 847 850 853 870 883 901 905 912 919 929 932 952 959 987 993 999 

9 0 2 3 4 5 6 7 8 10 11 12 13 15 16 17 18 20 23 24 26 27 32 33 37 45 47 51 52 59 63 69 71 74 79 110 114 117 119 120 122 125 130 142 148 151 167 173 174 201 206 209 215 221 234 240 247 251 256 263 278 282 301 320 322 325 328 336 344 352 363 371 386 388 397 406 409 415 416 427 429 435 439 444 450 455 462 464 470 471 473 479 488 512 515 524 528 531 532 535 539 544 568 574 578 584 592 613 617 619 655 666 680 693 694 726 733 738 760 771 777 791 819 833 849 852 853 864 885 895 905 935 983 

10 1 2 4 5 6 7 8 9 11 12 13 14 15 16 19 20 26 27 29 31 32 38 41 50 60 66 70 73 86 90 91 96 109 117 155 167 171 173 179 182 192 209 210 215 235 238 264 276 280 289 322 345 358 367 384 408 413 429 440 443 462 492 493 496 500 511 524 538 565 593 595 617 629 645 654 670 671 683 684 686 709 715 728 836 843 852 865 874 884 885 887 893 897 899 971 981 

11 2 4 5 6 7 8 9 10 12 13 14 16 18 25 26 28 37 46 52 54 68 70 78 81 84 90 101 135 136 151 154 174 177 188 191 197 208 214 217 222 237 244 260 261 285 317 417 422 428 486 506 517 519 520 525 558 612 640 652 668 700 766 787 816 824 872 904 910 911 986 989 

12 1 4 6 7 8 9 10 11 13 14 16 17 19 21 22 24 25 26 27 31 35 37 39 42 43 44 45 52 56 60 62 68 73 78 82 85 103 105 110 111 123 124 128 133 136 156 178 179 187 218 235 248 272 279 284 301 310 316 331 337 338 341 344 351 361 374 395 400 404 411 431 449 457 458 484 487 492 499 505 541 568 573 628 649 670 681 700 719 728 741 759 776 787 823 826 840 853 860 878 900 932 962 963 970 997 

13 1 5 6 8 9 10 11 12 14 15 16 17 18 19 20 22 23 24 25 27 30 31 32 33 35 36 46 47 54 61 69 72 77 89 103 104 105 108 115 119 122 124 125 126 140 151 157 183 184 210 217 239 249 255 265 278 290 310 329 331 358 360 378 390 402 430 432 438 487 509 527 550 554 561 692 697 704 737 749 764 803 806 815 856 880 894 897 901 914 922 938 975 999 

14 1 2 6 8 10 11 12 13 15 17 18 19 20 21 24 28 29 37 45 48 49 50 52 55 57 65 73 76 79 80 89 91 92 102 104 107 121 141 143 148 149 156 162 165 167 182 185 197 201 204 214 221 222 223 228 229 230 231 241 248 253 258 262 275 276 281 286 296 313 332 339 353 383 384 391 416 434 443 491 501 519 522 540 546 548 549 557 560 565 591 599 600 607 629 631 634 642 667 693 697 716 736 744 751 765 774 791 805 810 823 868 877 901 907 931 944 951 966 991 998 1152 

15 4 5 6 7 9 10 13 14 17 18 23 35 40 42 44 54 62 91 92 104 117 129 139 143 156 158 169 172 177 189 234 240 258 263 267 271 284 292 301 313 335 361 367 369 384 397 400 407 419 422 433 448 488 505 509 511 533 562 567 568 580 677 686 691 696 698 758 777 808 822 829 830 845 855 857 877 935 964 983 

16 3 5 7 9 10 11 12 13 18 19 22 23 28 34 36 39 53 57 73 83 94 103 114 121 140 147 155 185 199 207 218 223 235 241 245 248 261 264 300 329 336 362 382 383 396 434 462 473 476 491 525 536 560 585 588 595 601 691 705 755 790 791 793 857 889 905 958 968 

17 4 5 6 9 12 13 14 15 20 22 25 26 29 32 38 56 67 71 75 81 94 116 119 134 136 137 140 141 143 145 156 158 163 170 172 180 223 235 249 272 274 292 309 328 331 379 386 394 400 424 474 481 483 508 512 517 520 557 573 629 658 662 711 714 736 761 770 807 825 840 892 912 925 946 1194 

18 1 8 9 11 13 14 15 16 20 21 22 24 27 28 31 32 39 45 50 60 68 70 75 77 93 101 108 126 138 141 146 149 152 164 165 200 214 231 251 253 258 269 297 304 311 349 351 353 376 393 396 422 442 444 451 459 495 525 538 542 557 594 615 678 723 746 816 820 849 868 871 921 939 963 

19 1 5 8 10 12 13 14 16 22 23 24 33 37 43 46 51 52 53 58 59 74 82 84 85 89 92 93 94 98 102 106 107 120 123 129 147 163 182 193 195 204 205 207 233 243 288 296 310 346 423 449 497 509 514 526 586 591 605 606 616 618 634 647 662 664 669 673 687 702 709 737 740 752 760 775 778 809 810 824 835 839 894 916 938 961 979 995 998 

20 2 5 9 10 13 14 17 18 29 30 41 42 74 82 92 113 117 118 123 128 170 197 198 203 210 259 260 268 276 279 280 294 304 311 315 319 348 384 417 480 500 515 559 631 638 651 685 716 729 731 742 767 788 829 831 874 876 883 901 918 929 939 944 960 962 979 

21 1 4 6 7 8 12 14 18 25 26 27 29 30 32 33 34 35 36 47 51 65 72 79 80 91 103 107 113 121 164 165 172 216 234 238 245 248 266 269 281 289 293 299 309 334 362 364 383 386 388 402 407 417 429 437 443 454 455 467 484 502 513 539 550 571 604 611 622 625 632 657 681 712 739 741 777 782 812 847 858 870 878 882 898 942 966 977 999 

22 5 8 12 13 16 17 18 19 27 37 40 41 47 54 55 58 59 67 71 88 89 97 109 112 126 127 132 146 149 161 166 169 180 181 183 194 199 209 215 254 256 321 326 330 335 340 354 367 368 379 387 392 395 414 415 421 478 491 496 539 546 553 624 640 646 647 689 700 701 707 712 713 720 723 732 794 798 803 865 877 933 935 968 996 

23 0 4 5 9 13 15 16 19 26 30 39 49 113 147 336 345 357 381 391 498 562 627 640 705 831 865 

24 4 8 9 12 13 14 18 19 27 36 55 58 98 109 139 150 154 159 162 168 186 208 267 299 346 369 385 405 414 475 482 573 580 629 707 713 778 781 876 938 

25 4 5 6 11 12 13 17 21 28 34 37 38 41 43 46 48 55 69 70 75 82 84 90 92 107 116 141 143 176 186 187 194 198 211 227 231 233 265 266 274 296 325 328 338 356 360 369 399 415 417 441 470 485 492 493 495 511 594 598 633 639 695 703 718 750 752 792 801 831 914 944 960 

26 8 9 10 11 12 17 21 23 34 35 42 44 53 58 64 73 77 80 84 90 100 106 127 150 159 161 173 179 180 192 205 207 209 244 245 251 264 306 311 324 365 367 370 373 401 411 423 433 447 457 467 474 479 481 487 489 518 529 534 595 615 634 638 650 668 697 711 716 782 822 825 829 831 874 875 970 

27 9 10 12 13 18 21 22 24 29 44 52 55 60 77 98 119 138 148 159 161 166 169 178 186 226 233 234 239 265 281 290 295 297 349 350 353 359 368 406 420 423 444 478 479 482 510 541 551 558 597 610 705 717 735 740 742 798 803 906 928 934 944 948 

28 0 7 8 11 14 16 18 25 38 40 49 60 61 69 80 81 83 87 91 98 118 123 128 135 137 142 145 155 159 170 179 200 209 210 239 266 277 289 292 301 303 314 322 373 377 450 466 475 497 514 534 540 578 580 585 586 593 603 624 662 663 669 699 728 732 791 795 802 826 842 850 876 909 971 973 

29 6 8 10 14 17 20 21 27 30 41 42 53 61 62 75 77 79 84 114 120 171 186 206 208 228 243 260 269 298 309 321 334 356 419 436 464 489 509 519 522 535 555 567 569 577 590 655 712 762 771 785 787 799 800 862 880 901 945 977 978 

30 5 7 8 13 20 21 23 29 35 39 47 51 57 58 95 102 104 154 206 211 252 272 331 429 501 537 562 611 666 733 737 745 765 889 912 972 

31 1 5 7 8 10 12 13 18 36 50 51 55 70 86 98 109 169 202 205 212 215 230 266 284 314 315 320 335 343 352 363 370 378 397 448 464 470 486 511 538 566 625 643 712 718 721 749 843 856 862 931 952 

32 3 4 9 10 13 17 18 21 45 48 53 62 66 75 78 81 97 109 137 148 156 165 188 196 240 260 272 283 287 319 367 372 412 473 485 546 547 550 608 618 624 662 667 743 746 779 799 802 837 845 847 854 929 945 982 983 994 997 1049 

33 3 5 6 7 9 13 19 21 37 43 47 57 68 83 85 118 119 175 181 190 202 259 275 288 317 320 323 342 359 382 412 422 473 477 494 533 544 552 637 652 666 724 725 821 936 

34 5 6 7 8 16 21 25 26 36 45 50 62 95 111 134 138 150 174 182 189 243 254 337 343 357 363 366 375 388 405 435 520 554 559 591 597 663 676 699 725 734 815 933 975 

35 5 7 12 13 15 21 26 30 84 85 89 110 139 141 143 166 198 199 204 244 340 383 391 437 488 503 517 519 565 666 670 729 774 

36 7 8 13 16 21 24 31 34 40 44 55 78 87 106 116 142 189 240 245 253 264 303 342 366 368 390 405 418 428 525 643 676 711 732 767 775 876 898 925 950 

37 9 11 12 14 19 22 25 33 38 60 64 65 66 67 82 86 92 93 103 125 128 129 132 161 198 242 244 276 298 472 482 522 605 624 729 750 903 942 986 992 

38 1 5 6 10 17 25 28 37 46 48 55 56 63 66 67 71 72 74 95 99 106 126 130 132 136 153 165 166 167 168 175 178 180 184 194 239 250 271 273 278 283 304 320 323 338 352 406 407 427 437 455 494 521 530 538 557 571 589 591 599 600 655 705 721 727 732 766 799 801 890 900 951 984 

39 1 5 6 12 16 18 23 30 40 48 54 66 75 85 86 94 95 105 144 147 157 172 180 192 194 224 245 283 311 312 333 345 353 398 403 409 439 442 444 446 501 507 518 543 561 567 622 635 660 681 732 758 775 833 851 861 896 

40 4 6 8 15 22 28 36 39 42 43 49 50 64 70 76 80 88 92 99 143 150 154 155 158 162 169 180 191 236 251 271 273 275 282 308 321 324 336 418 458 459 491 504 512 552 553 569 602 605 608 618 677 704 714 764 806 831 975 

41 2 5 7 10 20 22 25 29 48 58 65 69 86 95 105 120 122 127 140 144 146 198 222 234 249 275 291 294 338 351 360 391 395 410 426 502 510 513 520 537 546 561 578 589 602 627 628 730 759 825 879 953 976 

42 6 7 12 15 20 26 29 40 43 59 94 118 119 177 205 287 314 343 362 425 579 611 716 750 998 

43 1 8 12 19 25 33 40 42 44 67 72 84 96 100 109 122 131 157 160 186 203 208 228 293 307 308 445 495 510 624 659 661 797 964 

44 4 8 12 15 26 27 36 43 56 63 65 68 76 85 99 102 103 105 106 124 130 144 152 189 192 236 270 313 315 337 365 405 449 486 496 564 575 635 698 728 769 790 813 822 831 847 874 920 

45 2 7 9 12 14 18 32 34 108 197 212 220 221 292 317 336 353 401 465 563 565 566 576 608 645 777 810 837 921 942 1234 

46 3 7 8 11 13 19 25 38 49 50 53 63 72 73 74 127 152 163 177 190 191 239 258 270 305 405 408 466 476 487 513 537 616 620 630 649 663 691 734 774 778 975 983 

47 6 8 9 13 21 22 30 33 56 63 121 129 183 226 321 398 577 637 644 780 803 826 974 

48 1 6 14 25 32 38 39 41 59 66 78 82 83 89 90 111 122 140 167 190 246 252 306 326 342 359 361 388 419 420 533 535 537 572 582 614 675 707 768 771 829 855 1204 

49 6 7 8 14 23 28 40 46 56 72 93 110 113 146 151 173 190 201 266 274 282 299 399 425 498 525 569 613 621 672 693 746 747 786 830 906 923 987 

50 2 10 14 18 31 34 40 46 62 66 76 171 175 197 216 221 225 232 237 246 250 287 334 344 390 488 590 596 668 701 757 770 771 772 856 870 875 891 964 965 976 

51 1 7 8 9 19 21 30 31 70 87 95 100 102 115 116 117 142 158 168 169 204 205 232 234 277 318 346 445 481 525 553 638 691 846 886 914 

52 2 8 9 11 12 14 19 27 54 91 101 108 110 112 115 133 167 182 231 241 261 267 320 330 377 416 435 440 474 483 509 529 571 572 587 644 662 791 796 824 910 931 985 

53 5 7 16 19 26 29 32 46 67 74 79 112 120 160 192 233 282 287 298 305 339 456 463 494 662 717 803 865 866 871 946 

54 1 4 11 13 15 22 39 52 58 59 61 62 68 76 81 84 93 96 98 101 112 128 129 159 168 192 197 223 242 254 269 270 307 309 315 351 352 355 366 369 393 427 448 453 493 507 554 566 586 601 630 640 673 686 724 804 862 917 964 966 969 993 

55 14 22 24 25 27 31 36 38 57 72 80 111 159 166 236 245 257 286 294 323 335 343 363 421 430 530 543 547 653 

56 1 6 12 17 38 44 47 49 64 97 113 120 131 148 167 181 203 247 268 327 419 692 702 708 727 737 818 902 914 

57 0 5 7 14 16 30 33 55 67 110 118 137 142 211 213 295 319 331 347 354 375 397 398 433 481 600 634 636 645 647 664 735 789 806 844 886 902 948 967 994 

58 8 19 22 24 26 30 41 54 60 65 75 76 134 137 154 184 214 232 235 268 272 289 298 300 385 470 508 626 648 651 668 679 695 700 789 823 914 993 995 

59 4 6 9 19 22 42 48 54 62 69 78 79 87 105 124 153 157 163 196 232 250 297 441 492 502 507 514 530 532 554 570 616 653 740 761 947 973 

60 1 10 12 18 27 28 37 58 83 99 108 111 114 115 116 126 174 182 191 200 238 246 303 306 321 323 359 444 484 529 558 578 618 626 854 864 875 884 902 908 911 926 

61 1 6 7 8 13 28 29 54 71 87 88 103 105 133 147 155 179 198 204 234 266 308 327 376 390 436 482 483 512 583 593 601 612 638 664 692 732 907 940 968 

62 12 15 29 32 34 50 54 59 63 83 107 136 195 202 221 264 273 277 392 574 582 656 789 895 927 

63 5 6 9 38 44 46 47 62 64 78 93 99 125 139 186 199 213 375 376 383 412 429 473 578 582 659 818 988 

64 0 3 5 26 37 40 56 63 83 89 130 146 150 288 330 366 380 412 431 507 583 609 631 635 670 674 676 697 717 863 869 922 

65 2 5 14 21 37 41 44 58 81 99 115 145 147 151 162 176 207 233 235 260 263 273 280 314 320 349 355 384 421 460 482 488 491 495 622 625 641 685 749 758 769 811 822 862 872 878 

66 6 10 32 37 38 39 48 50 77 88 94 153 158 191 241 250 259 312 316 366 484 500 521 524 538 572 647 678 748 846 866 989 

67 5 17 22 37 38 43 53 57 130 135 179 206 227 348 358 400 647 845 

68 3 8 11 12 18 33 44 54 74 86 113 118 121 131 149 161 166 212 235 253 262 286 290 325 328 350 418 438 577 591 596 605 622 639 726 735 742 799 841 888 897 934 974 

69 5 8 9 13 25 28 41 59 71 86 88 97 100 114 124 130 139 157 170 184 207 222 253 282 330 383 415 427 471 476 483 504 522 534 542 547 554 562 613 631 645 665 696 715 758 763 791 826 836 846 858 877 879 941 

70 6 10 11 18 25 31 40 51 100 109 130 135 159 218 238 252 278 293 312 353 366 380 511 526 559 567 576 582 587 620 669 680 724 869 873 889 894 904 952 

71 6 8 9 17 22 38 61 69 79 85 87 207 259 282 284 334 355 382 417 449 469 497 513 527 553 565 572 588 601 606 665 695 698 794 820 828 841 877 920 932 986 992 

72 2 13 21 38 43 46 49 55 75 104 122 147 180 261 339 355 461 680 701 728 773 780 781 811 834 933 984 992 

73 5 7 10 12 14 16 26 46 77 102 124 135 138 191 269 302 321 393 404 424 427 475 548 724 772 

74 1 9 19 20 38 46 53 68 107 134 320 323 350 361 457 625 633 641 649 689 785 802 959 

75 17 18 25 29 32 39 58 72 171 468 576 804 873 878 

76 2 6 14 40 44 50 54 58 90 97 111 123 136 242 273 277 302 398 441 521 627 691 694 736 751 790 806 874 887 965 996 

77 1 13 18 26 27 29 66 73 99 132 134 213 218 431 593 671 733 768 865 893 

78 3 11 12 32 36 48 59 63 80 88 91 96 101 116 124 166 175 176 179 201 220 225 278 307 332 394 441 463 492 528 633 677 682 713 754 861 

79 1 9 14 21 29 53 59 71 95 128 144 149 219 362 420 428 449 453 551 652 776 814 

80 8 14 21 26 28 40 55 78 97 98 172 177 189 215 233 247 262 287 295 310 322 326 329 377 422 427 453 486 496 511 516 555 594 652 673 699 755 955 

81 2 7 11 17 28 32 54 65 83 87 97 99 193 196 200 213 216 224 307 314 416 476 596 619 694 711 755 798 825 

82 3 8 12 19 20 25 37 48 100 106 111 142 145 148 155 181 223 231 261 290 291 297 304 310 369 408 469 476 480 523 551 584 667 693 710 771 786 854 914 982 

83 16 28 33 48 60 62 64 81 106 115 117 121 128 164 189 206 218 314 318 415 418 446 753 763 846 

84 11 19 25 26 29 35 43 54 136 168 213 224 306 326 337 426 467 503 558 683 751 794 862 865 924 929 

85 5 12 19 33 35 39 44 71 113 135 190 202 204 211 222 253 283 346 364 398 400 628 675 814 827 841 900 931 977 

86 7 10 31 37 39 41 68 69 115 125 132 136 201 203 217 227 259 313 412 461 482 560 597 608 631 646 709 836 919 959 980 992 

87 7 28 36 51 59 61 71 81 95 107 124 127 131 157 164 168 174 175 191 202 241 255 294 312 316 329 370 373 388 424 430 434 446 458 466 598 689 709 733 757 784 817 945 991 

88 2 4 22 40 61 66 69 78 89 103 104 126 133 139 142 213 258 278 319 342 378 393 411 426 443 454 460 468 472 550 590 602 611 620 628 630 690 814 866 867 886 900 919 930 

89 13 14 19 22 35 48 64 88 92 105 158 160 168 177 215 219 275 315 357 439 474 487 515 547 583 585 600 645 703 716 763 772 773 926 

90 3 6 10 11 25 26 48 76 113 171 200 202 210 216 224 361 374 571 592 628 655 660 868 1012 

91 5 10 14 15 21 28 52 78 97 101 107 132 138 151 160 163 175 182 185 230 240 254 329 332 352 378 478 549 554 714 918 998 

92 14 15 19 20 25 37 40 89 98 106 125 162 195 316 319 353 425 501 616 650 699 879 984 

93 5 6 18 19 37 49 54 63 100 258 286 295 307 413 414 448 456 457 517 616 672 778 853 982 999 

94 1 3 16 17 19 39 42 66 108 127 131 132 152 153 184 187 201 210 236 245 257 272 280 291 304 331 365 369 411 423 460 489 498 509 527 555 556 621 625 696 711 725 782 821 906 972 973 986 

95 30 34 38 39 41 51 79 87 96 170 230 231 239 286 363 378 588 1050 

96 3 4 7 10 43 54 78 95 111 133 162 206 217 237 249 265 333 405 438 507 528 539 568 828 859 962 1230 

97 22 32 56 69 76 80 81 91 123 145 163 174 231 264 265 337 392 456 800 915 

98 19 24 27 28 31 54 80 92 117 133 137 145 157 185 198 317 336 370 378 385 430 529 553 559 683 685 717 729 754 793 841 888 899 942 955 990 

99 38 40 44 60 63 65 77 81 112 114 133 169 215 236 242 391 500 532 534 581 738 808 934 939 

100 8 26 43 51 69 70 82 93 161 181 360 381 417 646 767 

101 5 6 11 18 52 54 78 91 156 188 204 277 278 338 697 949 

102 3 4 14 19 30 44 51 73 112 146 164 188 250 341 402 465 468 522 582 678 709 804 810 856 968 

103 12 13 16 21 37 44 61 88 108 109 118 121 167 168 211 221 271 315 350 415 441 455 599 600 697 759 773 775 928 961 974 

104 5 6 13 14 15 30 72 88 150 208 216 217 238 373 414 444 490 642 757 824 851 

105 12 13 39 41 44 59 61 89 117 120 160 311 381 529 568 581 589 646 648 763 1104 

106 19 26 36 38 44 82 83 92 146 151 173 230 299 373 419 593 894 921 

107 14 19 21 25 62 74 87 91 110 155 158 161 190 200 201 291 294 308 327 336 386 391 466 509 534 543 573 636 664 745 802 878 882 884 887 938 955 976 

108 6 13 18 45 52 60 94 103 138 181 241 357 612 675 710 

109 10 22 24 31 32 43 70 103 115 187 196 219 222 349 358 408 443 490 776 850 889 909 

110 3 9 12 35 49 52 57 107 122 127 165 220 256 293 296 305 371 421 429 452 463 526 540 577 617 652 809 888 984 

111 12 34 48 55 60 76 82 96 116 120 143 149 193 217 229 266 303 345 373 394 533 636 673 683 741 867 888 896 970 983 

112 5 8 22 52 53 54 99 102 119 142 165 178 230 256 311 335 389 414 415 465 512 542 706 744 773 819 848 

113 20 21 23 49 56 68 85 90 114 129 140 144 154 169 223 244 248 271 323 354 376 382 443 468 637 789 

114 5 9 16 29 60 69 99 113 130 218 255 256 270 276 403 512 535 564 610 682 815 864 867 872 892 910 923 955 990 994 

115 13 51 52 60 65 83 86 109 152 166 189 227 310 328 338 420 467 563 714 823 942 

116 8 17 25 36 51 60 78 111 161 197 210 359 468 471 479 504 591 680 743 782 908 938 963 970 

117 9 10 15 20 51 83 98 105 160 176 212 247 248 343 404 414 444 449 485 548 556 603 651 665 730 748 822 

118 4 20 28 33 42 57 68 103 119 152 271 292 324 403 493 502 505 584 585 590 625 929 

119 9 13 17 27 33 42 112 118 173 202 221 279 280 451 546 578 620 646 655 685 722 796 811 

120 9 19 29 41 53 56 105 111 190 268 342 411 421 545 552 554 570 635 754 777 841 939 947 952 966 

121 5 14 16 21 47 68 83 103 148 207 332 379 392 463 490 518 555 593 612 704 795 

122 4 9 13 41 43 48 72 110 193 305 323 339 381 437 467 562 576 584 609 851 936 939 977 1238 

123 7 8 12 19 20 28 76 97 227 261 328 381 605 678 681 736 818 832 883 

124 12 13 44 59 69 73 78 87 131 134 208 216 219 280 288 349 494 564 585 

125 4 6 9 13 37 63 86 92 134 207 250 273 367 377 394 577 680 684 703 735 739 746 839 956 

126 4 8 13 18 22 38 60 88 172 185 453 508 644 682 722 

127 5 22 26 41 46 87 94 110 134 144 208 212 222 411 447 647 653 667 784 944 950 

128 6 12 20 28 37 54 79 83 242 275 372 410 432 436 499 598 607 654 659 708 755 879 922 959 

129 4 5 15 19 37 47 54 113 187 193 565 714 848 961 977 

130 9 38 44 64 67 69 70 114 137 205 454 496 507 865 881 

131 5 6 43 56 68 87 94 124 144 157 205 212 250 320 322 348 413 527 622 691 781 839 942 

132 8 22 37 38 77 86 91 94 160 224 243 284 302 390 551 629 778 801 836 845 

133 5 12 52 61 88 96 98 99 177 322 441 587 601 701 883 

134 17 34 58 74 77 124 125 127 135 140 160 170 185 228 287 327 332 348 393 428 490 573 588 634 722 756 766 

135 5 11 28 67 70 73 85 134 138 246 360 554 

136 11 12 17 38 62 76 84 86 141 179 180 198 212 229 246 276 285 401 409 414 569 648 650 665 698 721 882 926 

137 3 17 28 32 57 58 98 130 188 211 438 681 713 863 873 917 943 988 989 995 

138 8 18 27 34 73 91 108 135 144 200 236 283 350 354 385 401 436 515 563 581 608 609 649 665 736 786 852 857 858 886 891 904 1077 

139 4 8 15 24 35 63 69 88 216 248 283 287 290 445 953 

140 8 13 16 17 41 48 113 134 225 230 232 265 277 298 316 322 341 351 370 373 418 489 539 648 682 684 755 795 807 888 893 

141 6 7 14 17 18 25 35 136 186 220 364 424 561 694 746 752 828 905 979 

142 9 28 36 51 57 82 88 112 171 190 345 358 428 499 528 661 687 747 816 859 986 

143 6 14 15 17 25 35 40 111 175 206 270 271 293 378 440 457 844 956 993 

144 39 41 44 79 113 127 131 138 623 802 

145 0 4 17 28 65 82 97 98 174 218 273 301 302 374 379 454 481 567 570 695 817 838 920 

146 7 18 22 41 49 64 102 106 263 270 281 318 319 325 339 375 412 472 508 519 568 744 790 899 936 982 

147 7 16 19 23 39 61 65 72 150 188 213 226 246 268 307 313 342 355 426 486 501 572 585 613 650 753 781 988 

148 6 9 14 27 32 56 82 121 152 176 223 244 387 397 434 450 555 574 657 704 772 

149 5 6 14 18 22 68 79 111 413 430 433 464 477 513 616 949 

150 5 24 26 34 40 64 104 147 199 344 615 711 801 965 

151 8 9 11 13 49 65 91 106 153 164 185 194 214 266 347 517 529 561 592 654 689 789 823 951 998 

152 6 18 44 46 94 115 118 148 181 232 292 473 689 726 

153 3 5 7 38 59 66 94 151 192 251 283 301 566 584 612 622 708 

154 7 8 11 24 30 40 58 113 171 183 188 199 211 243 251 257 289 341 440 516 606 909 970 

155 8 10 16 28 40 61 82 107 177 222 243 274 494 510 514 521 549 679 762 765 927 

156 5 6 12 14 15 17 32 101 182 226 318 321 331 332 357 447 560 646 713 753 762 860 967 979 

157 13 39 43 59 69 87 98 131 162 308 465 516 583 685 746 755 757 779 

158 6 15 17 40 51 66 89 107 187 193 203 226 249 253 297 336 389 390 485 497 617 714 747 777 793 834 844 923 940 

159 7 24 26 27 28 54 55 70 176 184 249 364 463 490 502 533 570 692 855 869 913 

160 43 53 89 91 105 117 132 134 164 286 431 454 460 470 493 572 660 675 678 695 770 891 971 

161 22 26 27 37 68 100 107 116 184 194 199 201 224 246 282 285 295 324 330 383 384 402 495 515 571 663 710 783 785 957 991 

162 7 14 24 40 65 92 96 157 292 349 380 382 435 457 474 638 849 

163 2 6 17 19 46 59 91 97 397 470 513 541 598 672 674 874 892 

164 2 18 21 83 87 102 151 160 174 195 196 257 262 395 407 446 508 579 604 661 689 837 885 1142 

165 7 14 18 21 32 38 110 112 183 193 212 221 276 300 312 344 368 428 460 687 

166 22 27 35 38 55 68 78 115 302 305 344 402 440 503 519 520 539 651 794 853 915 928 948 980 

167 9 10 14 38 48 52 56 103 178 229 240 250 413 420 510 569 640 709 798 939 

168 24 38 51 54 84 87 89 103 195 220 245 343 473 531 661 913 

169 15 22 27 31 40 51 99 113 213 231 294 695 928 954 976 

170 3 6 17 20 28 69 95 134 228 238 372 410 482 592 617 642 700 812 868 

171 8 10 29 50 75 90 142 154 257 329 409 567 768 971 

172 4 8 15 17 21 39 80 126 214 254 358 620 706 766 

173 4 6 9 10 26 49 106 119 246 247 260 279 286 290 376 440 508 535 581 592 597 677 688 900 903 

174 9 11 34 60 87 97 145 164 253 321 335 379 476 540 

175 5 33 38 50 78 87 91 143 205 220 224 359 422 510 735 967 

176 4 5 25 65 78 117 148 159 252 255 341 412 428 460 477 546 580 620 717 767 796 815 845 887 975 982 

177 11 15 42 46 80 89 133 155 178 255 280 379 407 495 543 650 724 762 829 906 994 

178 5 6 12 27 38 112 167 177 268 606 664 738 745 793 988 

179 10 12 26 28 61 67 78 136 184 226 251 281 284 348 391 452 499 637 659 660 682 722 743 768 785 814 823 834 859 

180 17 22 26 38 39 40 72 136 196 215 249 267 281 454 607 855 871 893 

181 6 22 33 56 82 100 108 152 324 333 483 527 532 851 859 895 957 

182 10 14 19 34 52 60 91 156 195 219 708 723 907 919 

183 4 5 6 13 22 47 154 165 220 332 403 442 519 524 652 657 

184 13 38 58 69 94 159 161 179 243 300 333 334 354 370 443 458 589 594 756 890 

185 7 14 16 91 98 126 134 151 219 317 346 414 650 800 908 946 997 

186 4 24 25 27 29 43 63 141 196 209 418 439 635 647 846 894 957 969 976 980 

187 1 8 12 25 94 109 129 158 210 267 385 465 472 653 657 800 821 931 

188 5 11 32 101 102 137 147 154 194 420 459 461 532 549 560 679 785 816 892 981 

189 5 15 34 36 44 80 83 115 257 293 305 333 466 688 735 796 

190 33 46 48 49 85 107 120 142 214 241 272 339 377 386 520 726 767 997 

191 1 11 40 46 60 66 73 87 334 649 784 832 

192 5 10 26 39 44 53 54 153 258 275 387 401 424 705 788 904 935 

193 4 19 81 111 122 129 158 165 254 488 516 667 761 783 849 851 892 

194 5 22 25 38 39 151 161 188 200 227 289 355 356 422 549 575 633 650 681 702 757 856 868 943 976 

195 6 8 19 62 92 164 168 182 232 236 241 262 309 312 318 333 354 404 448 451 452 462 479 500 511 517 528 566 610 651 702 779 782 814 857 915 925 932 

196 7 32 59 81 109 164 180 186 203 364 391 402 418 445 555 619 752 770 

197 8 11 14 20 45 50 54 116 285 345 352 393 521 870 901 903 

198 20 25 35 37 41 61 98 136 233 236 279 297 324 369 377 401 463 478 502 516 617 710 786 798 836 880 955 984 

199 1 16 22 35 63 150 154 161 262 387 556 684 712 716 756 867 869 944 1012 

200 18 28 60 81 90 107 138 194 288 316 615 702 985 989 

201 9 14 49 78 86 94 107 161 249 255 319 364 372 385 421 430 477 677 694 710 760 808 868 882 987 

202 1 31 33 62 85 87 90 119 206 252 267 291 444 656 

203 7 8 20 43 56 86 158 196 307 379 

204 7 14 19 35 51 61 85 101 225 244 395 535 721 749 843 1041 

205 19 26 31 42 51 130 131 175 226 334 483 629 907 925 956 

206 9 29 30 67 83 96 143 202 325 328 360 456 644 767 788 1247 

207 16 19 26 65 69 71 121 125 218 225 229 237 287 288 309 437 621 642 672 794 

208 7 11 24 29 43 104 124 127 209 387 561 629 823 836 854 

209 7 9 10 22 26 28 186 208 299 407 516 608 745 754 820 

210 10 13 20 28 90 94 116 187 248 289 379 468 480 481 498 512 536 571 632 734 738 751 848 935 941 944 

211 2 25 30 57 85 103 137 154 291 294 375 406 413 467 508 523 628 972 

212 31 45 68 117 127 131 136 165 214 237 340 374 427 432 446 494 523 551 621 687 741 809 891 908 979 

213 57 63 77 81 84 88 147 169 313 334 588 621 627 631 795 866 932 

214 11 14 18 58 151 172 190 212 217 220 262 340 357 380 383 392 497 572 593 817 859 996 

215 9 10 22 31 80 89 99 180 242 270 285 352 362 390 396 401 492 523 526 560 644 686 744 759 860 

216 8 21 50 81 90 104 124 139 225 229 297 313 315 371 386 411 462 518 536 622 728 849 899 981 

217 8 11 13 86 96 104 111 214 219 223 259 326 534 561 663 797 801 807 895 993 

218 12 16 70 77 83 114 145 207 247 265 319 353 399 436 451 680 785 839 

219 1 79 89 109 124 182 185 217 230 284 339 377 390 425 442 544 545 649 653 657 682 721 722 743 756 759 871 953 1118 

220 45 78 110 141 168 175 183 214 261 274 279 285 309 451 653 860 

221 9 14 45 50 62 103 119 165 269 302 429 463 476 493 543 699 723 858 908 909 973 987 

222 11 14 41 69 85 109 127 155 227 240 259 385 441 442 545 744 817 854 855 1209 

223 14 16 17 54 82 113 148 217 270 341 365 425 453 478 487 506 528 654 768 782 884 

224 7 39 81 84 90 132 161 175 261 342 398 663 779 

225 5 8 50 78 140 204 207 216 228 305 426 497 813 844 949 

226 7 27 47 147 156 158 179 205 252 256 264 399 539 711 783 1146 

227 7 25 67 86 115 123 194 222 260 281 371 402 537 547 623 730 760 946 

228 3 5 14 29 43 134 170 225 237 371 373 375 468 469 618 659 741 923 

229 2 3 14 111 136 167 207 216 296 297 316 394 588 603 609 611 680 

230 14 31 91 95 106 112 140 219 247 365 387 406 430 437 459 470 478 542 544 609 710 848 872 973 979 

231 14 18 25 52 82 95 97 169 291 368 466 662 760 781 890 983 993 

232 6 50 51 58 59 140 152 195 239 405 477 499 762 775 822 

233 7 19 25 27 53 65 80 198 254 277 348 725 754 913 934 

234 6 9 15 21 27 41 51 61 268 410 459 473 607 967 

235 1 10 12 16 17 58 65 68 338 607 632 

236 40 44 55 94 99 138 195 198 237 347 403 515 549 568 617 622 671 688 781 843 

237 1 11 50 96 207 212 228 236 335 337 347 417 497 504 552 826 

238 4 5 10 21 60 70 104 170 285 300 333 372 397 409 537 638 651 677 706 746 753 846 847 948 956 1145 

239 5 13 27 28 38 46 95 232 242 277 318 419 645 798 

240 0 9 15 32 36 91 167 222 263 288 327 340 355 396 450 736 

241 14 16 52 66 87 108 190 195 285 372 715 741 864 

242 6 37 54 76 99 128 215 239 257 700 864 896 

243 5 19 29 34 132 154 155 184 317 764 950 

244 2 11 26 35 37 113 148 204 291 339 479 628 988 

245 16 21 26 36 39 55 94 168 317 376 384 409 471 967 994 

246 48 50 60 135 136 147 161 173 295 394 531 550 571 583 992 1206 

247 5 9 56 80 117 173 218 230 267 278 318 909 

248 12 14 16 21 113 117 139 210 301 341 347 361 434 757 917 

249 13 17 41 96 158 159 180 201 279 283 340 364 421 559 708 726 786 790 

250 38 50 59 66 102 125 131 167 345 371 461 495 569 628 698 706 731 756 765 

251 2 9 18 26 40 153 154 179 436 599 684 1082 

252 6 7 30 48 70 176 202 226 276 279 355 426 427 437 449 586 658 761 771 840 

253 14 18 36 68 69 85 158 174 413 504 698 774 796 927 951 

254 5 22 34 54 91 172 193 233 280 303 328 376 556 616 751 926 936 952 957 

255 3 6 13 87 114 176 177 201 300 306 445 618 654 704 792 830 991 

256 5 8 9 22 110 112 114 226 269 356 442 505 727 906 921 

257 8 55 94 154 164 171 189 242 435 570 576 596 608 661 667 742 748 855 876 881 892 971 975 981 1077 

258 5 14 15 18 46 88 93 192 522 718 933 1127 

259 7 20 33 66 71 86 217 222 281 304 314 368 389 455 530 557 660 701 713 744 902 983 

260 5 11 20 29 32 65 173 227 294 330 347 378 415 425 438 460 490 556 583 694 713 813 847 850 867 966 

261 11 16 52 72 82 123 220 224 265 306 609 995 

262 6 14 68 80 164 195 199 214 293 312 398 452 721 779 804 1194 

263 4 7 8 9 15 65 146 240 326 341 453 480 619 672 739 793 853 

264 6 10 16 26 36 62 97 226 478 650 795 

265 13 25 27 96 97 140 218 261 296 576 595 692 893 990 

266 21 25 28 31 49 61 111 151 364 382 472 501 634 688 698 708 756 

267 1 15 24 52 180 187 202 247 292 314 375 409 483 518 526 667 889 968 

268 3 20 56 58 120 147 178 234 430 514 548 607 621 742 1225 

269 1 18 21 29 54 73 221 256 386 395 475 555 566 604 1226 

270 44 46 54 114 143 146 215 223 670 687 730 739 898 927 

271 7 15 38 40 103 113 118 143 406 439 484 648 718 737 830 

272 3 12 17 30 32 58 94 190 300 505 686 719 961 

273 4 38 40 62 65 76 125 145 340 406 419 448 562 621 718 884 969 

274 2 4 5 17 25 49 155 220 300 337 345 475 603 815 938 

275 6 14 33 40 41 89 128 192 437 467 

276 10 14 20 37 114 136 165 252 303 324 740 906 940 

277 28 51 62 76 101 140 233 239 349 350 394 488 575 591 630 673 731 840 891 907 970 

278 9 13 38 70 78 88 101 247 298 564 811 

279 12 20 119 173 198 220 249 252 523 528 543 604 658 762 764 876 920 934 935 1126 

280 10 20 65 94 119 124 177 254 302 352 547 636 679 718 913 

281 14 21 27 146 179 180 227 259 304 327 464 569 668 675 790 797 807 885 898 933 941 996 

282 2 9 40 49 53 69 71 161 638 792 988 

283 32 38 39 85 138 139 153 249 309 337 347 371 452 542 553 573 598 610 632 798 928 

284 7 12 15 31 71 132 179 219 288 357 442 475 500 526 610 666 735 861 

285 11 136 161 197 215 220 238 241 638 923 1020 

286 1 14 55 68 93 95 160 173 356 365 374 461 513 624 639 706 787 973 

287 32 42 50 53 80 134 139 207 289 491 502 563 737 797 

288 19 33 64 124 200 207 240 284 296 298 330 397 403 499 586 777 860 

289 10 21 28 58 154 194 210 287 306 308 335 381 465 589 626 641 764 811 826 881 

290 5 8 13 27 68 82 139 173 381 416 428 592 596 815 883 

291 41 82 94 107 202 211 231 244 366 501 545 553 615 716 756 905 941 

292 15 17 28 45 118 152 162 267 310 343 669 797 924 

293 6 21 43 70 110 143 189 262 374 404 412 423 471 493 513 543 674 701 819 820 821 860 915 966 

294 20 41 55 87 107 169 211 260 350 351 453 587 636 739 814 827 849 

295 1 4 27 57 80 93 161 246 367 396 431 487 527 534 551 582 780 808 832 881 902 

296 7 14 19 25 110 229 265 288 423 425 521 

297 18 27 59 82 158 198 216 229 298 360 537 557 572 644 745 

298 29 37 53 58 140 278 288 297 368 382 406 464 590 836 

299 4 5 8 21 24 49 106 209 359 368 452 533 603 715 783 838 

300 16 58 165 184 238 255 272 274 362 612 1085 

301 6 9 12 15 28 145 153 248 318 374 389 515 523 671 735 767 796 881 

302 5 73 76 132 145 166 221 280 986 

303 2 4 28 36 60 111 254 276 306 695 712 941 

304 8 18 20 38 82 94 259 281 308 434 456 524 754 882 900 924 987 

305 5 46 53 110 122 166 189 225 312 315 349 394 399 405 524 584 693 696 818 851 959 965 1247 

306 26 48 60 84 255 261 289 303 372 431 750 

307 7 43 54 78 81 93 147 203 332 344 346 348 469 750 778 932 978 

308 4 40 43 61 107 157 289 304 396 469 556 652 674 

309 17 21 29 54 195 207 220 283 329 423 429 441 541 559 595 598 623 635 721 755 770 920 936 946 1156 

310 5 12 13 19 80 82 115 292 326 354 474 496 637 684 849 

311 5 7 18 20 26 39 105 112 340 392 485 690 769 

312 39 66 70 87 165 195 262 305 365 708 921 

313 6 14 15 44 86 147 213 216 910 

314 28 31 42 65 81 83 259 267 

315 20 31 44 54 89 103 216 305 331 361 380 443 484 674 748 749 792 800 

316 1 12 66 87 92 140 200 229 400 417 496 547 575 641 691 965 

317 3 11 33 45 98 185 243 245 363 459 527 610 745 829 984 991 

318 51 83 146 156 195 239 247 301 400 445 480 484 668 689 732 773 945 

319 20 32 57 88 92 146 201 218 403 594 644 730 837 843 874 899 

320 9 31 33 38 52 65 74 131 386 536 606 687 950 

321 22 29 40 47 60 73 156 174 446 624 762 813 831 871 988 1111 

322 1 9 10 28 80 131 133 140 343 451 682 764 819 852 956 

323 5 33 38 55 60 74 113 122 665 

324 6 26 40 118 161 181 198 276 370 389 392 600 759 

325 3 4 8 9 25 68 146 206 327 539 911 1137 

326 1 22 48 80 84 217 263 310 376 506 567 579 727 838 886 1019 

327 4 56 61 107 134 240 281 325 375 407 432 452 811 850 898 980 

328 9 17 25 68 115 123 206 254 475 524 669 760 

329 7 13 16 80 87 91 171 309 432 452 862 945 1088 

330 8 22 52 64 69 161 260 288 338 434 435 487 614 714 800 

331 12 13 17 30 57 94 156 315 535 597 1139 

332 14 78 91 121 134 156 183 307 458 507 548 598 787 793 908 954 

333 4 39 96 181 184 189 195 238 356 396 423 447 504 717 752 

334 21 29 50 71 184 191 205 213 435 500 604 610 624 665 679 711 839 876 884 902 906 914 965 

335 15 22 31 55 112 174 237 289 523 716 720 842 961 999 1168 

336 9 16 23 40 45 98 107 158 558 641 745 840 871 

337 12 34 44 84 97 237 274 283 347 359 380 559 579 643 769 845 867 

338 12 25 38 41 101 115 235 330 344 362 576 589 685 786 

339 14 53 72 122 146 190 219 244 388 404 424 589 626 632 873 978 

340 22 35 212 214 240 249 273 311 552 558 559 646 655 841 864 899 

341 12 102 140 154 176 223 248 263 356 773 948 

342 5 33 36 48 88 120 147 224 599 

343 31 34 42 55 117 168 292 322 506 

344 9 12 50 150 165 166 307 338 626 636 790 886 

345 10 23 39 111 142 197 250 274 643 

346 1 7 19 24 51 85 185 307 389 779 816 824 937 

347 57 151 236 237 248 260 283 337 

348 3 20 67 131 134 179 233 307 387 393 419 431 432 439 450 479 533 545 587 754 915 982 994 

349 18 27 65 109 124 162 277 305 558 715 776 779 909 

350 1 27 68 74 103 138 277 294 505 531 594 707 

351 3 8 12 18 41 54 140 294 362 371 550 579 722 791 826 834 981 

352 9 31 38 54 91 197 215 280 506 540 564 676 702 715 748 800 816 839 902 924 935 939 978 

353 14 18 27 39 45 70 92 218 489 579 675 742 777 808 901 

354 5 22 57 113 138 184 195 310 363 399 518 523 657 747 

355 54 65 71 72 147 194 240 252 792 

356 8 25 29 194 256 286 333 341 957 

357 8 23 34 89 108 156 214 284 399 408 446 470 719 720 805 955 993 

358 3 5 10 13 67 109 142 172 389 432 433 532 555 718 

359 27 33 48 60 116 175 299 337 400 626 898 922 

360 7 13 25 41 100 135 206 297 575 926 

361 4 12 15 48 74 90 248 315 540 599 614 648 727 

362 16 21 42 79 215 300 338 351 438 439 616 618 730 795 882 883 

363 5 9 31 34 55 95 317 354 728 805 817 912 

364 21 85 141 159 196 201 249 266 422 424 438 545 917 1202 

365 5 26 44 94 223 230 286 312 439 500 544 600 799 

366 2 34 36 54 64 66 70 291 447 498 751 808 821 

367 5 10 15 22 26 32 125 295 450 574 915 928 

368 22 27 36 165 231 259 298 299 549 661 

369 6 15 24 25 54 82 94 198 418 479 562 717 789 997 

370 7 26 31 87 98 140 184 324 388 404 812 880 972 

371 9 110 216 227 228 250 283 351 433 494 516 527 605 714 820 967 975 986 

372 8 32 128 170 201 238 241 306 382 448 552 763 

373 26 28 87 104 106 111 140 228 486 577 664 918 960 

374 2 12 90 145 212 286 293 301 381 396 421 518 582 661 780 800 820 878 

375 34 57 63 146 211 228 267 327 388 420 514 626 761 793 794 854 904 960 

376 18 61 63 113 173 245 254 326 474 744 821 

377 6 28 52 80 125 190 198 219 602 705 

378 13 31 88 91 95 98 143 260 842 894 933 

379 17 22 121 145 174 177 203 210 440 462 472 493 506 630 759 924 

380 5 6 64 70 162 214 315 337 435 472 579 729 943 

381 23 100 105 122 123 289 290 374 471 496 627 687 962 970 987 

382 16 33 71 113 162 266 298 372 402 416 556 581 885 981 1244 

383 14 16 21 35 63 69 161 214 466 482 489 562 659 965 

384 1 10 14 15 20 65 161 245 531 645 724 824 838 

385 7 24 58 98 138 187 201 222 499 819 1174 

386 9 17 21 107 190 216 269 320 503 656 738 840 888 927 

387 6 22 148 192 199 208 230 348 483 498 640 784 

388 9 21 34 48 87 339 370 375 599 656 762 

389 1 112 158 259 301 324 346 358 704 742 765 918 

390 13 36 50 61 132 158 215 219 583 703 708 

391 14 23 35 41 99 107 179 196 403 511 

392 8 22 62 97 121 214 311 324 420 522 535 

393 5 18 54 73 88 134 197 348 560 586 619 623 

394 17 78 111 125 229 246 277 305 646 703 

395 1 3 12 22 41 164 204 269 480 671 963 

396 16 18 215 240 295 308 333 374 903 

397 9 15 31 57 148 163 238 288 601 799 997 

398 8 39 47 57 76 85 224 262 599 614 620 673 

399 1 25 49 218 226 305 354 357 416 426 560 630 684 694 937 996 

400 12 15 17 67 85 316 318 359 548 575 606 774 864 881 

401 5 26 45 136 138 192 198 215 440 534 855 

402 13 21 102 161 166 196 227 382 411 438 456 575 781 863 

403 39 114 118 183 236 288 319 391 506 561 613 631 693 753 920 955 

404 8 12 73 117 195 293 339 370 807 828 844 

405 24 34 36 44 46 96 232 305 464 471 492 509 565 568 580 583 602 629 633 641 643 794 828 943 

406 9 27 38 211 230 271 273 298 408 477 531 585 727 910 

407 1 15 21 38 164 177 209 327 503 632 720 

408 5 7 10 46 82 109 357 406 856 1234 

409 5 9 39 136 171 238 245 267 433 803 875 909 941 

410 5 6 7 8 41 128 170 234 932 937 955 

411 12 26 88 94 120 127 216 402 480 538 666 723 

412 32 33 63 64 86 146 176 293 627 665 755 756 855 971 

413 6 10 93 131 149 167 211 253 472 484 605 724 808 817 827 940 

414 22 24 93 104 112 117 136 185 462 491 

415 9 22 25 69 83 103 112 260 450 592 815 

416 7 9 14 52 81 290 382 399 469 612 673 736 752 827 953 978 

417 11 20 21 25 71 100 237 316 538 588 719 784 869 996 1141 

418 36 40 68 83 140 186 196 369 506 544 605 731 

419 15 29 48 56 106 239 273 348 542 740 805 

420 27 48 79 115 167 188 375 392 564 649 658 843 854 

421 22 55 65 110 120 201 249 374 461 495 501 697 747 992 

422 11 15 18 33 80 175 194 364 485 591 

423 19 26 27 94 293 296 309 333 425 436 450 590 723 1116 

424 6 17 73 87 141 192 339 364 494 502 556 642 739 

425 42 49 92 219 223 260 296 423 426 463 481 725 863 

426 41 84 88 147 225 252 399 425 453 660 684 952 

427 9 38 54 69 73 80 212 252 458 466 528 603 644 760 954 1182 

428 11 36 79 134 142 165 176 290 477 498 597 651 706 736 758 812 1147 

429 9 10 21 30 63 110 221 309 910 938 990 

430 13 55 87 98 149 201 230 268 530 763 838 918 980 

431 4 12 64 77 160 295 306 348 467 545 602 850 937 

432 8 13 128 212 327 329 348 358 448 455 541 545 623 740 809 

433 8 15 26 57 149 358 371 409 700 

434 2 14 16 87 148 248 304 330 457 586 596 993 

435 9 34 52 162 257 330 334 380 846 

436 8 29 61 128 138 218 251 423 522 641 922 

437 21 35 38 122 207 230 252 275 536 546 601 619 648 672 726 

438 13 68 96 137 260 362 364 402 465 663 

439 9 39 89 186 271 348 362 365 734 

440 10 52 143 154 166 173 379 401 704 707 795 

441 25 59 76 78 103 133 222 309 548 625 692 1137 

442 2 18 39 183 219 222 256 284 680 788 

443 10 14 21 88 109 113 184 315 809 953 

444 9 18 27 39 60 104 117 202 551 632 930 996 

445 5 7 43 51 139 196 255 318 478 769 873 899 

446 8 39 83 87 164 212 321 357 449 481 541 590 697 715 733 845 922 

447 0 2 4 26 127 156 333 366 557 657 896 

448 15 31 54 93 195 273 372 432 461 469 563 602 775 804 903 916 953 1090 

449 12 19 44 71 79 117 252 446 643 761 835 837 

450 9 28 148 240 348 367 415 423 451 531 954 991 

451 6 18 119 195 218 220 322 450 623 679 1206 

452 110 179 195 262 283 299 327 329 461 639 642 936 

453 54 79 80 126 223 263 294 426 608 667 707 743 

454 4 5 21 88 130 145 160 180 462 743 

455 5 6 9 21 38 103 259 432 505 678 948 

456 1 4 53 93 97 206 304 402 489 648 706 710 771 790 931 979 1195 

457 8 12 26 74 93 143 162 434 588 

458 2 8 12 40 87 184 332 427 475 525 536 563 653 670 945 

459 4 6 18 40 188 230 234 317 492 550 

460 2 65 88 94 160 165 176 260 619 838 

461 72 86 188 250 286 421 448 452 544 594 787 830 951 

462 9 10 16 195 216 379 414 454 

463 53 78 110 121 159 198 221 425 548 681 945 

464 5 9 29 31 149 281 298 405 627 682 799 869 927 

465 8 45 102 112 157 187 289 438 564 620 632 813 848 947 

466 28 46 87 107 189 231 383 427 733 

467 21 26 84 115 122 211 275 431 581 611 729 

468 2 75 88 102 113 116 210 228 542 574 676 862 891 

469 2 71 82 228 307 308 416 448 486 903 

470 9 25 31 58 160 163 230 357 611 792 1220 

471 8 9 69 116 245 293 381 405 474 544 598 614 668 781 805 922 964 998 

472 37 88 146 187 266 379 380 413 727 852 954 

473 9 16 32 33 63 152 168 234 516 676 696 809 843 

474 17 26 52 89 162 310 376 471 577 630 674 679 840 

475 24 28 73 269 274 284 328 458 540 574 896 

476 4 16 46 69 81 82 174 221 488 573 614 806 807 1003 

477 6 33 149 176 201 232 406 428 497 530 566 633 

478 22 27 91 198 223 230 264 445 831 

479 9 26 27 116 195 244 348 369 750 811 875 

480 4 20 82 210 263 318 395 411 584 678 704 879 949 

481 17 26 51 57 145 210 425 446 525 699 754 809 885 925 978 

482 24 27 37 61 65 86 170 383 553 604 615 866 

483 17 52 61 69 181 205 267 387 538 839 868 

484 12 21 60 66 271 315 318 413 541 546 595 746 838 

485 2 7 25 32 117 158 311 422 873 927 

486 4 11 31 44 80 147 373 469 503 570 738 895 898 

487 12 13 26 46 89 223 295 330 803 952 

488 9 15 35 50 65 193 277 476 498 671 696 707 740 743 830 840 846 886 910 945 

489 8 26 29 94 140 353 383 456 1051 

490 5 6 104 109 121 134 159 260 521 

491 8 14 16 22 40 65 287 414 961 982 

492 10 12 25 59 78 215 405 459 503 519 550 656 802 

493 10 25 54 118 160 221 293 379 698 772 862 

494 33 38 53 124 155 212 371 424 593 597 867 

495 18 25 43 65 161 177 250 421 664 844 

496 10 22 44 80 130 310 316 381 600 763 1110 

497 19 28 71 158 214 225 237 477 589 908 

498 23 49 94 210 366 387 428 488 812 

499 6 12 128 142 179 232 288 385 503 563 941 

500 10 20 66 99 195 284 334 365 677 770 

501 14 30 39 92 147 266 291 421 842 

502 21 41 59 118 159 198 287 424 512 530 563 617 857 

503 35 84 166 386 407 486 492 499 761 787 900 958 1045 

504 2 5 40 69 116 237 253 333 758 870 

505 6 12 15 118 256 272 350 455 595 727 

506 11 223 326 343 352 379 403 418 751 943 

507 1 39 54 59 64 96 130 332 579 604 675 768 797 890 

508 5 17 58 126 146 164 173 211 805 872 

509 13 15 19 29 52 94 107 405 1032 

510 5 6 27 41 43 155 167 175 517 813 

511 10 15 25 31 70 80 195 391 676 753 989 990 

512 9 17 40 61 112 114 210 502 520 578 596 639 768 956 963 

513 21 41 46 71 149 163 286 293 581 770 995 

514 2 8 19 28 59 155 268 375 639 747 

515 7 9 20 89 138 161 236 301 848 

516 80 154 157 193 198 209 371 473 897 920 

517 8 11 17 35 93 151 195 510 635 690 729 750 801 820 858 897 

518 7 26 39 121 216 267 354 374 607 672 694 705 977 

519 11 14 29 35 146 166 183 492 753 

520 2 11 17 34 41 166 190 512 626 720 726 753 

521 5 38 66 76 155 197 296 490 842 

522 14 29 37 69 102 258 392 436 611 824 966 

523 82 211 212 215 279 301 335 354 564 603 725 916 

524 8 9 10 66 183 304 305 328 570 602 782 979 

525 11 16 18 36 49 51 458 481 552 631 1020 

526 5 8 19 70 110 215 267 284 750 765 

527 13 71 94 131 181 295 317 371 536 587 681 1220 

528 9 78 96 142 195 223 279 427 533 547 683 858 985 

529 6 8 26 52 60 98 105 151 530 880 904 

530 38 55 59 259 430 477 502 529 580 686 696 786 

531 5 9 168 246 350 384 406 450 826 

532 6 8 9 59 99 181 188 358 613 675 690 950 

533 15 33 48 111 159 299 348 528 737 766 835 

534 26 28 69 99 107 217 295 401 900 

535 9 29 48 114 173 204 331 392 592 752 780 916 943 

536 8 16 210 216 320 437 458 527 634 767 907 949 

537 6 30 41 46 48 227 238 297 930 

538 10 18 31 38 66 411 417 483 623 731 785 814 837 

539 9 21 22 96 140 166 226 325 688 725 

540 3 14 28 110 174 352 361 475 

541 7 12 27 163 309 432 446 484 643 784 835 919 1234 

542 4 18 69 112 230 283 419 468 614 799 

543 8 39 55 107 177 221 279 293 636 678 835 863 

544 9 33 219 230 365 418 461 471 703 987 

545 120 219 222 291 348 364 431 432 580 655 859 897 930 

546 14 22 32 41 119 176 437 484 549 587 637 660 741 911 972 992 

547 32 55 69 89 227 280 316 528 686 940 

548 14 73 117 268 332 400 441 463 

549 14 91 155 188 194 236 368 546 613 

550 13 21 32 88 246 351 459 492 

551 2 27 79 82 132 212 295 444 595 778 1147 

552 1 33 40 120 237 340 372 525 658 923 

553 22 40 51 71 98 283 291 482 780 815 895 

554 13 34 54 59 69 91 120 135 738 825 951 968 

555 29 80 94 121 148 196 269 358 621 984 1186 

556 94 117 199 254 260 308 382 424 604 653 664 858 870 889 947 962 

557 7 14 17 18 38 259 297 447 674 861 951 

558 3 11 27 60 84 336 340 349 833 

559 20 34 70 98 249 309 337 340 576 642 677 885 

560 14 16 86 156 188 215 393 399 863 911 950 

561 13 39 41 141 151 208 217 403 867 

562 15 23 30 69 122 273 369 383 

563 45 115 138 287 448 458 499 502 891 912 

564 44 114 124 278 352 420 465 523 747 

565 4 10 14 35 45 71 129 405 584 783 818 880 909 

566 8 31 45 54 153 195 269 477 570 590 613 

567 7 15 29 39 70 145 171 326 689 732 887 

568 9 12 15 96 105 146 236 405 897 913 

569 8 29 40 49 136 167 250 281 791 

570 59 120 145 159 257 486 524 566 571 577 670 696 766 834 

571 21 38 52 90 161 210 246 570 828 863 880 

572 48 52 66 71 147 160 214 297 701 875 

573 1 12 17 24 107 134 283 476 635 829 997 

574 2 4 9 62 148 367 468 475 655 747 769 848 

575 5 44 194 277 316 360 400 402 699 702 764 847 

576 45 70 75 122 257 265 338 559 669 719 

577 29 47 68 110 125 373 474 570 720 797 

578 8 9 28 41 60 63 119 512 825 861 

579 42 164 326 337 351 353 380 507 904 1002 

580 8 15 24 28 176 405 530 545 854 974 1155 

581 5 99 105 138 173 382 467 513 692 817 1139 

582 4 48 62 63 70 102 295 374 601 

583 61 64 89 157 246 260 390 405 640 654 798 802 

584 9 82 118 122 153 305 480 565 654 788 806 844 872 874 

585 3 16 28 89 118 124 147 406 671 804 872 930 

586 5 19 28 54 252 288 393 434 658 766 842 912 

587 6 52 70 133 294 348 527 546 669 852 

588 16 71 95 134 213 229 417 457 

589 38 41 105 184 289 338 339 497 894 972 

590 29 50 88 118 298 423 446 566 825 

591 14 19 34 38 68 116 277 422 797 954 

592 9 90 151 170 173 290 415 535 690 

593 10 28 61 77 106 121 214 494 765 858 

594 6 18 25 80 184 319 350 461 990 

595 10 16 26 265 309 484 505 551 671 

596 7 50 68 81 257 290 434 512 606 960 

597 5 27 34 86 173 331 428 494 615 634 720 778 918 919 951 

598 25 87 128 163 283 309 332 471 

599 14 38 103 251 342 361 388 398 673 743 748 

600 14 38 57 89 103 324 365 496 637 895 921 

601 16 54 61 71 133 397 437 582 806 

602 40 41 88 377 405 431 448 524 769 774 1205 

603 6 28 117 229 274 299 427 523 718 857 

604 21 164 269 279 334 482 507 556 641 709 739 824 883 913 923 926 

605 19 37 40 68 123 371 413 418 710 919 

606 2 19 71 154 178 320 400 596 609 788 891 1060 

607 6 14 128 180 234 235 268 518 967 

608 32 40 45 86 138 209 257 453 654 

609 8 64 122 138 229 230 261 606 672 765 818 869 894 921 964 

610 7 27 114 195 283 284 317 334 

611 21 30 42 88 229 467 470 522 640 662 819 

612 4 11 61 108 121 153 300 416 739 1115 

613 9 49 69 147 403 532 549 566 633 972 

614 4 48 330 361 398 471 476 542 870 948 

615 2 18 26 150 200 291 482 597 703 949 

616 19 46 59 92 93 149 254 362 

617 9 10 110 158 170 198 236 502 687 827 

618 3 19 32 40 60 228 255 362 920 958 

619 6 9 81 196 263 393 437 460 688 733 817 863 917 

620 46 70 88 119 172 176 398 465 916 

621 49 94 207 212 213 268 273 555 

622 21 39 65 68 131 153 216 236 690 

623 7 144 227 309 393 432 451 538 693 744 833 

624 22 28 32 37 43 286 321 334 845 

625 4 21 31 65 74 94 118 441 878 881 

626 58 60 289 339 344 359 375 520 656 659 730 

627 5 23 41 76 213 381 412 464 630 896 934 1052 

628 12 41 85 88 90 211 244 250 683 916 934 

629 10 14 17 24 132 205 208 405 

630 46 54 88 277 379 399 474 627 849 

631 14 20 64 69 86 213 403 525 661 691 786 

632 21 210 235 283 339 407 444 465 733 

633 8 25 74 78 194 405 477 613 651 992 

634 14 19 26 57 134 266 536 597 700 999 

635 39 44 64 120 186 309 517 573 690 788 936 946 

636 7 57 107 111 280 294 344 543 707 763 953 

637 8 33 47 113 179 310 546 600 741 859 889 

638 20 26 51 61 162 238 282 285 861 882 

639 0 7 25 68 286 452 512 514 890 925 

640 11 22 23 54 167 387 583 611 772 

641 65 74 289 316 336 405 436 604 908 

642 6 14 104 170 207 424 452 559 645 879 

643 6 31 36 337 345 405 449 541 946 

644 47 52 126 206 215 297 319 427 764 822 958 

645 10 45 57 69 89 239 384 642 

646 22 86 100 105 119 156 340 394 866 893 

647 6 19 22 57 66 67 127 186 

648 58 105 136 140 271 361 437 456 745 962 

649 5 12 46 74 138 191 219 420 749 776 780 832 877 974 

650 26 92 136 147 177 185 194 264 961 

651 20 58 117 166 195 238 428 633 

652 2 11 33 79 80 110 183 308 812 

653 55 59 127 187 219 220 458 556 683 719 788 

654 10 128 151 223 255 583 584 608 749 836 1106 

655 9 29 38 90 119 340 545 574 751 

656 2 6 62 202 386 388 492 626 702 719 833 

657 4 21 148 183 187 219 354 447 821 1127 

658 2 8 17 252 279 420 552 586 693 896 990 

659 4 43 63 128 179 228 383 626 

660 4 39 90 160 179 259 426 546 758 

661 43 142 164 168 257 368 374 631 853 

662 17 19 28 32 52 53 231 611 912 

663 8 28 34 46 161 217 224 438 851 921 958 

664 19 57 61 107 178 373 495 556 814 851 994 

665 69 71 117 136 138 323 334 412 

666 2 5 9 30 33 35 284 411 723 

667 14 32 82 127 193 257 267 453 752 

668 1 11 26 50 58 281 318 471 835 

669 5 19 28 70 292 328 576 587 712 937 

670 7 10 12 35 64 270 458 570 688 720 731 809 

671 10 77 236 301 395 488 585 595 793 842 915 

672 49 93 163 207 263 437 518 609 

673 19 54 80 111 277 398 416 599 729 

674 6 64 163 293 308 315 474 557 934 

675 48 85 108 160 281 353 507 532 

676 1 34 36 64 352 468 473 511 719 

677 15 40 78 173 201 238 500 559 819 

678 18 66 102 123 160 455 480 543 690 

679 2 58 155 188 280 334 451 474 883 

680 9 70 72 116 125 218 229 442 887 1087 

681 12 21 39 123 137 194 463 527 722 749 942 980 

682 78 114 126 140 179 219 322 464 837 995 

683 1 10 84 98 111 528 628 653 963 

684 10 125 140 199 251 310 399 426 695 949 

685 4 7 20 65 98 119 157 338 734 1091 

686 8 10 15 54 215 272 530 547 911 

687 19 142 165 212 270 320 381 617 823 898 980 

688 8 173 189 236 266 539 619 670 812 948 

689 22 74 87 151 152 164 318 567 

690 88 311 517 532 592 622 635 678 725 804 973 

691 15 16 46 51 76 131 316 631 843 

692 7 13 56 61 159 265 441 581 

693 9 14 49 82 305 403 623 658 761 

694 9 76 81 141 201 260 399 518 828 947 

695 25 58 71 145 160 169 303 684 830 1068 

696 15 69 94 305 473 488 530 570 712 947 

697 13 14 26 64 101 103 421 446 1140 

698 15 44 71 136 250 253 266 493 949 

699 8 28 34 80 92 221 481 575 

700 11 12 22 58 170 242 433 634 731 783 803 916 923 

701 8 22 50 72 133 259 293 572 792 802 

702 19 56 194 195 200 352 575 656 748 806 832 

703 6 25 89 125 390 394 544 615 965 976 

704 13 40 121 148 255 389 440 480 

705 4 16 23 27 38 192 377 518 760 902 937 

706 2 112 172 238 250 286 428 456 818 852 887 986 

707 22 24 48 350 440 453 488 636 875 996 

708 56 128 153 182 249 266 312 390 

709 5 10 19 86 87 102 167 604 734 776 978 1009 

710 82 108 161 198 201 230 456 605 775 829 839 905 

711 17 26 36 81 94 150 226 334 730 784 

712 21 22 29 31 199 303 669 696 721 723 938 978 985 

713 5 22 24 78 137 156 259 260 827 

714 17 40 91 115 129 158 330 371 734 757 758 

715 2 10 69 241 299 349 352 446 722 

716 14 20 26 42 89 199 291 335 

717 4 27 53 64 98 176 333 369 789 974 

718 25 31 258 271 273 280 358 603 738 769 960 1127 

719 12 272 357 417 576 653 656 676 766 835 

720 22 335 357 407 520 577 597 670 964 

721 31 38 136 204 219 262 309 712 779 925 

722 119 126 134 179 219 351 681 715 

723 18 22 182 221 411 423 666 712 1211 

724 8 33 54 70 73 177 384 413 842 903 

725 33 34 94 233 425 523 539 690 731 833 929 

726 8 9 68 152 190 249 437 520 

727 38 56 256 326 361 406 472 505 811 

728 8 10 12 28 44 72 216 363 818 834 876 877 

729 20 35 37 98 380 467 517 673 776 884 

730 41 117 227 270 319 362 626 711 892 919 

731 20 250 277 418 538 670 700 725 737 772 930 

732 22 28 36 38 39 61 318 567 768 857 1127 

733 9 30 77 87 446 466 619 632 875 

734 5 34 46 210 439 685 709 714 904 905 989 

735 27 57 68 125 175 189 284 301 833 

736 14 17 76 123 138 240 416 428 

737 13 19 30 56 271 287 533 731 813 

738 9 99 178 210 386 486 554 718 

739 21 125 263 270 294 424 604 612 810 835 981 

740 1 19 27 59 276 419 432 488 

741 12 21 111 212 228 241 546 637 807 850 

742 3 20 27 68 257 268 353 389 774 950 953 

743 32 116 179 219 453 454 488 599 810 

744 14 112 146 215 222 259 376 623 

745 30 107 178 209 297 317 336 648 

746 18 32 49 125 141 157 238 484 775 783 990 1171 

747 49 142 158 354 421 514 564 574 794 943 

748 1 66 117 257 315 352 599 702 

749 13 31 65 204 315 649 654 681 871 

750 25 37 42 306 307 479 517 526 770 820 884 956 

751 14 76 84 210 254 366 506 655 

752 19 25 141 196 333 416 535 667 963 

753 83 147 156 238 403 511 519 520 834 917 

754 78 98 120 209 233 304 348 481 1033 

755 16 80 81 128 140 157 309 412 963 1200 

756 134 184 199 219 250 266 291 412 805 

757 5 50 87 104 157 194 248 714 784 850 

758 15 39 65 69 428 504 660 714 

759 8 12 41 103 215 219 324 379 

760 9 19 201 227 231 328 427 705 866 890 917 988 

761 17 59 193 252 375 449 503 693 808 871 

762 29 155 156 177 232 279 321 388 

763 69 83 89 105 372 430 496 636 776 899 1200 

764 13 40 243 279 289 322 575 644 961 

765 14 30 155 250 389 526 593 609 

766 11 38 134 172 533 570 586 719 795 801 810 

767 20 36 100 176 190 206 301 536 888 930 968 

768 48 77 171 179 223 507 512 732 886 906 969 

769 44 65 311 337 445 574 602 718 959 1222 

770 17 50 160 196 309 500 513 750 957 

771 8 9 29 48 50 82 252 456 

772 5 50 73 89 148 493 640 731 1086 

773 4 6 72 89 103 112 318 341 

774 8 14 35 46 253 400 602 742 860 

775 19 36 39 103 232 448 710 746 834 841 

776 12 79 109 349 649 709 729 763 940 

777 9 15 21 45 120 158 288 353 833 

778 19 24 46 93 132 307 551 597 

779 32 157 195 224 262 346 349 721 

780 8 47 72 295 374 535 553 649 782 796 801 989 

781 24 72 131 147 231 236 402 471 881 893 

782 21 26 94 116 195 223 524 780 844 887 

783 8 161 193 226 299 565 700 746 977 

784 87 127 191 387 417 541 711 757 

785 5 29 74 161 179 188 218 538 

786 49 82 138 198 249 338 530 631 866 

787 3 11 12 29 286 332 461 503 807 859 

788 20 192 206 442 584 606 635 653 958 

789 1 57 58 62 113 151 369 717 1071 

790 16 44 76 146 249 281 344 456 792 962 

791 9 14 16 28 52 69 351 569 

792 25 255 282 315 355 470 701 790 

793 16 98 158 178 263 332 375 671 816 974 

794 22 71 84 166 207 375 405 747 927 

795 28 121 140 213 264 362 440 766 

796 5 52 119 176 189 253 301 780 896 

797 43 217 281 287 292 507 577 591 

798 22 27 81 167 198 239 283 583 

799 29 32 38 68 365 397 464 542 804 860 873 972 

800 29 97 185 187 315 330 352 374 879 966 1236 

801 25 38 132 150 217 517 766 780 

802 28 32 74 107 144 492 583 701 838 

803 13 22 27 47 53 409 487 700 969 

804 54 75 102 262 448 585 690 799 

805 6 14 357 363 419 471 508 756 

806 13 40 57 76 476 584 601 702 

807 17 140 217 281 404 476 741 787 944 

808 15 99 201 295 353 366 413 761 907 

809 19 110 212 432 443 473 481 670 819 830 

810 5 14 19 45 102 739 743 766 1092 

811 65 72 119 278 289 327 479 727 

812 5 21 170 370 428 498 652 688 848 

813 7 44 225 260 321 465 510 737 

814 79 85 88 179 195 294 538 664 

815 13 34 114 176 274 290 415 553 

816 6 11 18 142 188 346 352 793 

817 87 145 214 222 363 413 581 619 

818 56 63 123 305 565 609 706 728 

819 9 112 293 322 385 611 677 809 827 

820 18 71 209 293 371 374 517 750 

821 4 33 94 187 293 366 376 657 832 

822 1 15 26 44 65 117 232 644 

823 12 14 58 115 151 179 208 687 

824 11 19 52 104 346 384 522 604 

825 7 17 26 41 81 554 578 590 856 940 

826 12 28 47 69 237 289 351 531 932 

827 4 85 294 413 416 617 713 819 1006 

828 5 71 96 141 404 405 571 694 1231 

829 15 20 26 48 177 317 573 710 

830 15 49 255 271 461 488 695 809 882 892 893 980 

831 20 23 25 26 40 44 321 478 877 

832 1 7 123 191 295 649 702 821 

833 9 39 558 623 656 725 735 777 917 

834 72 158 179 351 570 728 753 775 

835 19 449 533 541 543 668 719 739 

836 10 69 86 132 198 208 298 654 

837 4 32 45 164 319 449 538 682 

838 145 299 326 384 430 460 484 802 911 1104 

839 19 125 131 218 334 352 483 710 1096 

840 12 17 252 277 336 386 474 488 852 

841 8 68 71 85 98 120 340 775 

842 28 335 378 501 521 586 671 724 

843 10 31 204 236 319 420 473 691 872 873 

844 57 143 158 225 404 495 584 782 

845 15 32 67 132 176 337 446 624 

846 51 66 69 83 186 238 435 488 922 971 

847 7 8 21 32 44 238 260 575 

848 112 129 210 230 465 515 574 812 

849 9 18 162 193 216 294 310 630 857 890 973 

850 8 28 109 260 327 431 741 757 

851 39 104 122 181 193 305 663 664 853 929 

852 9 10 138 322 472 587 706 840 

853 8 9 12 93 166 263 661 851 880 1041 

854 32 60 82 208 222 375 420 580 890 

855 15 48 159 180 222 257 401 412 865 

856 1 13 31 50 102 194 408 825 933 

857 15 16 138 195 502 603 732 849 928 

858 21 69 138 221 517 528 556 593 925 

859 96 142 179 181 214 545 637 787 

860 12 156 215 220 288 293 774 799 

861 1 4 39 78 284 557 578 638 999 

862 29 31 54 65 84 329 468 493 864 

863 64 137 402 425 543 560 571 619 959 

864 9 60 114 241 242 340 400 862 937 960 1201 

865 10 22 23 53 77 84 130 855 911 936 

866 53 66 88 213 482 646 760 786 954 994 

867 88 111 114 199 260 337 494 561 

868 7 14 18 90 170 194 201 483 

869 3 64 70 159 199 417 464 609 

870 6 8 21 50 197 504 556 614 947 

871 18 53 180 219 321 336 749 761 

872 11 65 114 230 508 584 585 843 

873 70 75 137 339 445 485 799 843 931 

874 10 20 26 44 76 163 319 584 

875 26 50 60 409 479 572 707 733 

876 20 24 28 36 257 279 334 728 924 

877 14 15 22 69 71 649 728 831 

878 3 12 21 65 75 107 374 625 984 

879 6 41 69 92 128 480 642 800 

880 13 29 198 370 529 565 571 853 

881 130 257 289 295 301 400 625 781 

882 21 107 136 201 304 362 638 830 924 

883 8 20 123 133 290 362 604 679 

884 10 60 107 223 273 334 729 750 

885 5 9 10 164 281 382 481 559 939 

886 51 57 88 138 326 344 488 768 918 928 

887 10 76 107 176 567 680 706 782 

888 1 68 98 110 111 140 386 767 

889 4 16 30 70 109 267 556 637 

890 38 184 231 507 639 760 849 854 912 

891 50 138 160 212 277 468 563 606 983 

892 17 114 163 188 193 257 730 830 

893 10 77 140 180 265 646 781 830 

894 13 19 70 106 186 378 589 609 915 

895 7 9 62 181 217 486 553 600 

896 39 111 242 447 475 627 658 796 958 

897 2 10 13 68 516 517 545 568 969 

898 21 36 270 281 327 359 486 687 

899 10 98 146 216 319 340 445 763 901 

900 12 38 85 88 173 304 503 534 

901 8 13 14 20 29 197 353 899 

902 56 57 60 259 295 334 352 705 

903 7 37 173 197 396 448 469 724 

904 11 70 138 192 375 529 579 734 

905 4 8 9 16 141 291 710 734 

906 27 49 94 177 256 276 334 768 

907 7 14 61 182 205 277 536 808 971 1211 

908 60 116 185 212 221 332 497 641 960 

909 28 109 154 221 247 349 409 565 974 

910 2 11 52 114 313 406 429 488 

911 11 60 325 546 560 686 838 865 985 1231 

912 8 17 30 363 563 586 662 890 

913 6 7 159 168 233 280 568 604 

914 6 13 25 51 56 58 82 334 

915 97 166 195 293 348 367 671 894 

916 6 19 448 523 535 620 628 700 935 

917 54 137 248 364 619 753 760 833 982 

918 5 20 91 373 389 430 597 886 969 

919 8 86 88 182 541 597 605 730 

920 44 71 145 279 309 403 516 618 926 

921 18 45 106 256 312 600 609 663 987 

922 13 64 128 359 436 446 471 846 

923 49 114 158 228 285 552 604 700 

924 4 84 292 304 352 379 876 882 

925 17 36 195 205 481 639 721 858 940 991 

926 4 60 89 136 254 360 604 920 

927 62 155 253 270 386 464 485 794 

928 27 103 166 169 283 367 857 886 

929 5 8 20 32 84 118 725 851 

930 6 88 444 537 545 585 731 767 

931 4 14 31 52 85 187 456 873 998 

932 8 12 71 195 213 307 410 826 937 

933 4 22 34 72 258 281 378 856 

934 27 68 99 233 279 627 628 674 989 

935 9 15 22 192 210 279 352 916 

936 33 122 146 254 309 452 635 865 

937 346 399 410 431 669 705 864 932 

938 13 19 24 107 116 274 429 712 947 

939 18 20 99 120 122 167 352 885 943 

940 61 158 276 413 547 776 825 925 

941 7 69 210 281 291 303 409 499 

942 5 21 37 45 98 115 131 681 1224 

943 137 194 380 405 506 535 747 939 

944 14 20 25 27 127 199 210 807 

945 29 32 87 318 329 458 463 488 957 

946 0 17 53 185 227 309 635 643 1171 

947 59 120 465 556 694 696 870 938 

948 27 57 166 238 341 455 614 688 

949 101 149 225 480 536 615 684 698 

950 3 36 127 243 320 532 560 742 

951 14 38 151 253 461 554 557 597 

952 5 8 31 70 120 254 426 487 976 

953 41 139 219 416 443 448 636 742 

954 5 169 332 427 450 472 591 866 

955 80 98 107 114 198 357 403 410 1079 

956 5 125 143 205 238 322 512 750 

957 6 161 181 186 254 356 770 945 

958 2 16 503 618 644 663 788 896 

959 2 8 74 86 128 305 769 863 985 

960 20 25 373 375 596 718 864 908 967 

961 19 103 129 272 335 491 650 764 

962 5 12 20 96 381 556 648 790 975 

963 12 18 116 395 512 683 752 755 985 

964 3 15 43 50 54 471 609 720 999 1089 

965 50 76 150 305 316 334 383 703 

966 14 21 54 120 260 293 522 800 

967 57 156 175 234 245 371 607 960 

968 3 16 22 61 102 267 554 767 

969 2 54 186 273 768 803 897 918 

970 2 12 26 111 116 154 277 381 

971 10 28 160 171 257 412 846 907 

972 30 94 211 370 546 589 613 799 

973 28 59 94 221 230 286 690 849 

974 47 68 103 580 649 717 793 909 1123 

975 13 34 40 46 176 257 371 962 

976 41 50 107 169 186 194 703 952 

977 6 21 29 85 122 129 518 783 

978 29 307 339 352 416 481 709 712 

979 19 20 141 156 212 230 456 524 

980 86 166 186 327 430 681 687 830 

981 3 10 188 216 257 351 382 739 

982 32 82 93 146 176 348 491 917 

983 9 15 32 46 111 231 259 891 

984 38 72 92 110 198 317 555 878 

985 4 52 200 528 712 911 959 963 

986 11 37 71 94 142 302 371 706 

987 8 49 201 221 304 381 544 921 

988 63 137 147 178 244 282 321 760 

989 11 66 137 200 511 734 780 934 

990 98 114 265 429 511 594 658 746 995 

991 5 14 87 161 255 317 450 925 

992 37 71 72 86 246 421 546 633 

993 8 54 58 143 217 231 357 434 

994 32 57 114 177 245 348 664 866 

995 4 19 58 137 261 513 682 990 

996 22 76 214 281 399 417 444 707 

997 7 12 32 185 190 369 397 573 

998 4 14 19 42 91 151 471 931 

999 8 13 21 93 335 634 861 964 1171 

1000 1008 1009 1011 1013 1017 1021 1026 1041 1045 1046 1071 1088 1101 1120 1125 1154 1157 1175 1193 1233 

1001 1008 1009 1010 1011 1012 1013 1014 1015 1021 1022 1033 1039 1040 1051 1057 1062 1064 1084 1101 1114 1122 1124 1128 1129 1144 1149 1168 1225 1237 1245 

1002 579 1008 1009 1010 1012 1013 1014 1016 1017 1022 1026 1030 1033 1034 1037 1040 1042 1047 1049 1050 1052 1060 1068 1075 1084 1098 1104 1106 1109 1110 1113 1115 1116 1124 1136 1144 1149 1160 1166 1170 1190 1197 1203 1205 1223 1233 1246 

1003 476 1008 1009 1010 1011 1012 1016 1023 1024 1029 1034 1035 1049 1051 1074 1081 1093 1097 1100 1107 1164 1167 1185 1186 1189 

1004 1008 1009 1010 1012 1014 1015 1018 1028 1034 1036 1075 1099 1111 1161 1177 

1005 1008 1011 1020 1053 1056 1057 1072 1087 1102 1109 1170 1172 1191 

1006 827 1008 1009 1010 1011 1013 1014 1016 1019 1020 1021 1022 1024 1029 1030 1032 1035 1038 1047 1051 1054 1058 1062 1071 1072 1077 1081 1084 1089 1116 1117 1118 1133 1145 1146 1153 1156 1157 1193 1199 1210 1214 1216 1223 1228 1229 1234 1248 

1007 1008 1009 1010 1015 1018 1019 1023 1024 1025 1053 1060 1079 1081 1146 1150 1152 1153 1160 1195 1220 1231 1232 1237 

1008 1000 1001 1002 1003 1004 1005 1006 1007 1009 1010 1011 1012 1013 1014 1015 1016 1019 1020 1022 1023 1024 1027 1028 1029 1031 1035 1038 1042 1046 1047 1049 1051 1059 1060 1061 1062 1064 1071 1073 1074 1078 1081 1086 1090 1096 1097 1099 1101 1106 1111 1117 1123 1124 1125 1131 1135 1149 1150 1155 1158 1161 1165 1175 1178 1180 1186 1187 1189 1195 1202 1206 1208 1215 1216 1230 1237 1243 1248 1249 

1009 709 1000 1001 1002 1003 1004 1006 1007 1008 1010 1011 1012 1013 1016 1017 1021 1023 1024 1025 1027 1029 1030 1031 1032 1033 1035 1037 1041 1043 1050 1056 1059 1061 1062 1063 1065 1066 1068 1091 1097 1107 1109 1119 1125 1137 1142 1149 1153 1158 1159 1160 1163 1168 1173 1174 1178 1182 1188 1218 1219 1224 1225 1230 1237 1238 1240 

1010 1001 1002 1003 1004 1006 1007 1008 1009 1011 1012 1013 1014 1015 1017 1018 1019 1022 1023 1024 1026 1028 1030 1031 1033 1038 1041 1045 1047 1050 1051 1053 1057 1061 1065 1069 1082 1083 1086 1087 1089 1092 1094 1096 1103 1105 1106 1111 1112 1114 1121 1123 1127 1133 1134 1135 1139 1140 1141 1144 1161 1167 1168 1169 1179 1205 1206 1218 1221 1222 1225 1227 1233 1239 

1011 1000 1001 1003 1005 1006 1008 1009 1010 1012 1013 1015 1016 1017 1019 1020 1023 1027 1029 1032 1036 1039 1043 1045 1054 1065 1067 1075 1083 1093 1094 1105 1110 1111 1122 1124 1134 1141 1159 1162 1180 1196 1210 1211 1220 1228 1240 1246 

1012 90 199 1001 1002 1003 1004 1008 1009 1010 1011 1014 1019 1022 1024 1025 1027 1030 1031 1032 1034 1040 1043 1049 1055 1059 1066 1067 1071 1073 1074 1078 1086 1089 1110 1115 1116 1122 1140 1146 1155 1165 1170 1172 1175 1181 1184 1188 1192 1195 1198 1200 1208 1209 1224 1230 1233 

1013 1000 1001 1002 1006 1008 1009 1010 1011 1014 1015 1017 1018 1020 1022 1029 1032 1054 1063 1064 1080 1088 1105 1107 1114 1117 1122 1127 1128 1129 1131 1132 1148 1167 1187 1201 1242 

1014 1001 1002 1004 1006 1008 1010 1012 1013 1015 1016 1017 1018 1020 1021 1022 1025 1026 1028 1029 1030 1035 1036 1037 1038 1044 1050 1052 1053 1055 1057 1058 1059 1063 1067 1069 1077 1083 1084 1090 1095 1097 1098 1103 1104 1109 1113 1119 1120 1124 1128 1129 1137 1139 1140 1144 1145 1152 1168 1169 1176 1177 1184 1186 1187 1199 1201 1213 1219 1223 1224 1226 1229 1232 

1015 1001 1004 1007 1008 1010 1011 1013 1014 1016 1017 1018 1020 1021 1025 1026 1027 1029 1030 1031 1033 1034 1036 1038 1039 1040 1042 1044 1046 1047 1050 1064 1078 1099 1111 1112 1123 1133 1134 1136 1143 1147 1165 1173 1202 1219 1234 1242 

1016 1002 1003 1006 1008 1009 1011 1014 1015 1018 1019 1021 1035 1043 1045 1046 1050 1059 1072 1079 1080 1115 1126 1151 1152 1158 1164 1170 1174 1189 1194 1195 1196 1205 1216 1227 1239 1243 

1017 1000 1002 1009 1010 1011 1013 1014 1015 1018 1019 1020 1023 1025 1027 1028 1032 1033 1035 1039 1041 1042 1045 1048 1049 1052 1053 1056 1061 1062 1065 1071 1073 1076 1077 1083 1085 1087 1088 1093 1095 1097 1102 1108 1120 1124 1130 1138 1139 1146 1148 1149 1161 1166 1178 1179 1183 1185 1190 1191 1192 1203 1214 1221 1226 1238 1242 1248 1249 

1018 1004 1007 1010 1013 1014 1015 1016 1017 1025 1028 1031 1035 1036 1039 1047 1066 1079 1082 1094 1099 1114 1117 1118 1119 1132 1134 1138 1155 1156 1166 1171 1172 1184 1194 1196 1213 

1019 326 1006 1007 1008 1010 1011 1012 1016 1017 1021 1025 1028 1034 1037 1055 1059 1062 1070 1082 1086 1103 1112 1122 1139 1155 1172 1199 1200 1210 

1020 285 525 1005 1006 1008 1011 1013 1014 1015 1017 1023 1034 1040 1056 1082 1083 1085 1099 1104 1115 1127 1131 1153 1163 1175 1193 1206 

1021 1000 1001 1006 1009 1014 1015 1016 1019 1027 1039 1048 1054 1057 1078 1093 1094 1117 1123 1146 1155 1156 1157 1164 1171 1176 1215 1241 1243 

1022 1001 1002 1006 1008 1010 1012 1013 1014 1028 1036 1040 1042 1049 1053 1054 1069 1090 1095 1096 1112 1119 1122 1134 1135 1142 1148 1151 1166 1170 1180 1183 1206 1207 1226 1244 

1023 1003 1007 1008 1009 1010 1011 1017 1020 1024 1026 1027 1030 1031 1033 1038 1042 1044 1046 1058 1104 1113 1115 1119 1121 1149 1159 1171 1174 1180 1243 

1024 1003 1006 1007 1008 1009 1010 1012 1023 1026 1036 1038 1040 1041 1045 1048 1052 1056 1075 1080 1091 1098 1112 1125 1136 1137 1138 1141 1147 1172 1176 1204 1214 1218 

1025 1007 1009 1012 1014 1015 1017 1018 1019 1026 1031 1041 1056 1074 1077 1078 1088 1096 1105 1118 1123 1126 1129 1136 1142 1152 1153 1160 1163 1164 1181 1211 1216 1239 1241 1243 

1026 1000 1002 1010 1014 1015 1023 1024 1025 1034 1037 1054 1059 1092 1098 1100 1118 1126 1172 1186 1208 

1027 1008 1009 1011 1012 1015 1017 1021 1023 1042 1043 1044 1045 1052 1056 1059 1061 1063 1067 1073 1075 1081 1088 1095 1101 1108 1110 1143 1180 1198 1213 1218 1227 1246 

1028 1004 1008 1010 1014 1017 1018 1019 1022 1032 1038 1041 1043 1044 1045 1061 1064 1068 1072 1075 1105 1109 1134 1246 1249 

1029 1003 1006 1008 1009 1011 1013 1014 1015 1032 1037 1048 1057 1063 1064 1066 1072 1076 1080 1136 1151 1156 1159 1222 1227 

1030 1002 1006 1009 1010 1012 1014 1015 1023 1033 1049 1074 1086 1090 1102 1107 1113 1117 1126 1143 1163 1221 1223 1242 

1031 1008 1009 1010 1012 1015 1018 1023 1025 1050 1051 1068 1070 1074 1081 1102 1107 1110 1116 1124 1130 1151 1176 1190 1203 1210 1230 

1032 509 1006 1009 1011 1012 1013 1017 1028 1029 1036 1037 1047 1051 1055 1057 1058 1068 1088 1091 1093 1095 1115 1116 1128 1160 1175 1176 1178 1179 1220 1228 

1033 754 1001 1002 1009 1010 1015 1017 1023 1030 1039 1068 1069 1070 1076 1079 1085 1140 1141 1156 1169 1199 1205 1236 

1034 1002 1003 1004 1012 1015 1019 1020 1026 1041 1044 1054 1055 1058 1062 1065 1073 1080 1081 1093 1115 1134 1141 1157 1174 1194 1213 1240 1246 

1035 1003 1006 1008 1009 1014 1016 1017 1018 1042 1046 1048 1057 1067 1073 1082 1086 1094 1102 1108 1139 1169 1197 1221 

1036 1004 1011 1014 1015 1018 1022 1024 1032 1037 1039 1043 1054 1063 1078 1099 1100 1105 1137 1152 1158 1166 1181 1193 1197 1200 1202 1224 1227 

1037 1002 1009 1014 1019 1026 1029 1032 1036 1043 1067 1089 1098 1107 1117 1121 1128 1147 1158 1159 1163 1186 1200 1203 1244 

1038 1006 1008 1010 1014 1015 1023 1024 1028 1047 1055 1058 1066 1067 1106 1107 1111 1132 1146 1165 1201 1223 1236 1238 

1039 1001 1011 1015 1017 1018 1021 1033 1036 1040 1048 1051 1076 1091 1105 1113 1185 1188 

1040 1001 1002 1012 1015 1020 1022 1024 1039 1044 1048 1066 1070 1078 1085 1100 1108 1109 1125 1150 1157 1166 1170 1185 1197 1204 1248 

1041 204 853 1000 1009 1010 1017 1024 1025 1028 1034 1046 1048 1071 1092 1097 1098 1126 1132 1142 1223 1231 

1042 1002 1008 1015 1017 1022 1023 1027 1035 1079 1089 1100 1105 1142 1162 1164 1169 1191 1197 1202 1224 1248 

1043 1009 1011 1012 1016 1027 1028 1036 1037 1044 1050 1060 1063 1090 1122 1140 1162 1163 1172 1178 1194 1207 

1044 1014 1015 1023 1027 1028 1034 1040 1043 1071 1074 1077 1108 1118 1133 1185 1194 1209 1213 1230 1235 1237 

1045 503 1000 1010 1011 1016 1017 1024 1027 1028 1046 1052 1053 1062 1070 1074 1087 1090 1145 1164 1165 1191 1220 1233 1247 

1046 1000 1008 1015 1016 1023 1035 1041 1045 1055 1056 1058 1069 1075 1084 1137 1151 1170 1173 1184 1199 1215 1249 

1047 1002 1006 1008 1010 1015 1018 1032 1038 1049 1069 1091 1092 1099 1212 1218 1219 

1048 1017 1021 1024 1029 1035 1039 1040 1041 1052 1053 1060 1065 1079 1088 1108 1121 1126 1133 1142 1148 1155 1162 1184 1191 1199 1208 1232 1236 1248 

1049 32 1002 1003 1008 1012 1017 1022 1030 1047 1058 1060 1064 1069 1070 1077 1101 1106 1121 1183 1236 1244 

1050 95 1002 1009 1010 1014 1015 1016 1031 1043 1070 1109 1211 1219 1242 

1051 489 1001 1003 1006 1008 1010 1031 1032 1039 1052 1066 1068 1076 1104 1148 1235 

1052 627 1002 1014 1017 1024 1027 1045 1048 1051 1055 1060 1064 1087 1101 1127 1130 1154 1173 1205 1214 1232 1239 

1053 1005 1007 1010 1014 1017 1022 1045 1048 1060 1092 1108 1109 1114 1121 1144 1161 1169 1181 1182 1216 

1054 1006 1011 1013 1021 1022 1026 1034 1036 1061 1063 1068 1071 1072 1102 1119 1187 1209 1212 1217 1227 

1055 1012 1014 1019 1032 1034 1038 1046 1052 1065 1073 1079 1085 1097 1110 1113 1124 1143 1151 1175 1177 1178 1200 1214 1245 

1056 1005 1009 1017 1020 1024 1025 1027 1046 1085 1118 1240 

1057 1001 1005 1010 1014 1021 1029 1032 1035 1077 1092 1094 1111 1153 1162 1174 1200 1209 1239 

1058 1006 1014 1023 1032 1034 1038 1046 1049 1061 1080 1082 1100 1103 1127 1154 1215 1238 

1059 1008 1009 1012 1014 1016 1019 1026 1027 1067 1204 

1060 606 1002 1007 1008 1043 1048 1049 1052 1053 1070 1073 1096 1104 1123 1137 1171 1183 1221 

1061 1008 1009 1010 1017 1027 1028 1054 1058 1065 1079 1086 1089 1098 1102 1107 1121 1130 1173 1178 1229 

1062 1001 1006 1008 1009 1017 1019 1034 1045 1075 1159 

1063 1009 1013 1014 1027 1029 1036 1043 1054 1087 1095 1157 1167 1213 1233 

1064 1001 1008 1013 1015 1028 1029 1049 1052 1076 1082 1083 1148 

1065 1009 1010 1011 1017 1034 1048 1055 1061 1066 1069 1116 1166 

1066 1009 1012 1018 1029 1038 1040 1051 1065 1084 1087 1089 1110 1120 1158 1164 1179 1229 

1067 1011 1012 1014 1027 1035 1037 1038 1059 1117 1125 1182 1226 1249 

1068 695 1002 1009 1028 1031 1032 1033 1051 1054 1077 1093 1106 1112 1127 1133 1172 

1069 1010 1014 1022 1033 1046 1047 1049 1065 1072 1080 1084 1147 1162 1163 1164 1166 1189 1201 1234 1247 

1070 1019 1031 1033 1040 1045 1049 1050 1060 1084 1086 1094 1161 1179 1202 

1071 789 1000 1006 1008 1012 1017 1041 1044 1054 1072 1076 1083 1096 1133 1138 1146 1165 1182 1224 

1072 1005 1006 1016 1028 1029 1054 1069 1071 1076 1080 1082 1093 1094 1095 1096 1106 1120 1140 1143 1147 1171 1182 1199 1205 

1073 1008 1012 1017 1027 1034 1035 1055 1060 1078 1085 1091 1114 1116 1126 1129 1154 1188 1210 

1074 1003 1008 1012 1025 1030 1031 1044 1045 1085 1100 1136 1167 1183 1187 1201 1214 1240 1243 

1075 1002 1004 1011 1024 1027 1028 1046 1062 1096 1155 1195 1226 

1076 1017 1029 1033 1039 1051 1064 1071 1072 1095 1118 1121 1126 1194 1202 1207 1215 1225 1227 

1077 138 257 1006 1014 1017 1025 1044 1049 1057 1068 1103 1104 1173 

1078 1008 1012 1015 1021 1025 1036 1040 1073 1091 1133 1167 1173 1183 1185 1204 1212 1229 

1079 955 1007 1016 1018 1033 1042 1048 1055 1061 1081 1097 1101 1103 1135 1150 1179 1181 1202 1222 1240 1241 

1080 1013 1016 1024 1029 1034 1058 1069 1072 1237 

1081 1003 1006 1007 1008 1027 1031 1034 1079 1083 1138 1150 1231 

1082 251 1010 1018 1019 1020 1035 1058 1064 1072 1112 1115 1128 

1083 1010 1011 1014 1017 1020 1064 1071 1081 1089 1090 1091 1100 1163 1187 1206 

1084 1001 1002 1006 1014 1046 1066 1069 1070 1090 1130 1145 

1085 300 1017 1020 1033 1040 1055 1056 1073 1074 1088 1122 1131 1151 1182 1194 

1086 772 1008 1010 1012 1019 1030 1035 1061 1070 1087 1102 1132 1165 1197 1234 

1087 680 1005 1010 1017 1045 1052 1063 1066 1086 1103 1228 

1088 329 1000 1013 1017 1025 1027 1032 1048 1085 1171 1196 

1089 964 1006 1010 1012 1037 1042 1061 1066 1083 1092 1132 1140 1141 1155 1161 1180 1211 1216 1235 

1090 448 1008 1014 1022 1030 1043 1045 1083 1084 1145 1149 1198 

1091 685 1009 1024 1032 1039 1047 1073 1078 1083 1092 1099 1125 1173 1174 1207 1230 1238 

1092 810 1010 1026 1041 1047 1053 1057 1089 1091 1120 1123 1213 1241 

1093 1003 1011 1017 1021 1032 1034 1068 1072 1101 1114 1123 1146 1222 1229 

1094 1010 1011 1018 1021 1035 1057 1070 1072 1137 

1095 1014 1017 1022 1027 1032 1063 1072 1076 1128 1241 

1096 839 1008 1010 1022 1025 1060 1071 1072 1075 1098 1141 1206 

1097 1003 1008 1009 1014 1017 1041 1055 1079 1120 1139 1190 

1098 1002 1014 1024 1026 1037 1041 1061 1096 1110 1111 1113 1119 1129 1154 1208 1247 

1099 1004 1008 1015 1018 1020 1036 1047 1091 1132 1154 1158 1174 1182 1206 1231 1232 1244 

1100 1003 1026 1036 1040 1042 1058 1074 1083 1104 1106 1118 1131 1145 1174 1190 1200 1245 

1101 1000 1001 1008 1027 1049 1052 1079 1093 

1102 1005 1017 1030 1031 1035 1054 1061 1086 1103 1114 1139 1142 1179 1180 1188 1217 1223 1232 1242 

1103 1010 1014 1019 1058 1077 1079 1087 1102 1108 1129 1138 1145 1152 1171 1199 1211 1219 1230 

1104 105 838 1002 1014 1020 1023 1051 1060 1077 1100 1138 1217 

1105 1010 1011 1013 1025 1028 1036 1039 1042 1218 1242 

1106 654 1002 1008 1010 1038 1049 1068 1072 1100 1125 1136 1180 1192 1205 1211 1214 1236 1244 

1107 1003 1009 1013 1030 1031 1037 1038 1061 1128 1193 1225 

1108 1017 1027 1035 1040 1044 1048 1053 1103 1113 1116 1139 1175 1184 1197 1204 1222 1228 1234 

1109 1002 1005 1009 1014 1028 1040 1050 1053 1112 1119 1132 1135 

1110 496 1002 1011 1012 1027 1031 1055 1066 1098 1145 

1111 321 1004 1008 1010 1011 1015 1038 1057 1098 1130 1203 1220 

1112 1010 1015 1019 1022 1024 1068 1082 1109 1131 1150 1169 1214 

1113 1002 1014 1023 1030 1039 1055 1098 1108 1131 1136 1177 1211 1223 

1114 1001 1010 1013 1018 1053 1073 1093 1102 1130 1168 1177 1189 1195 1216 

1115 612 1002 1012 1016 1020 1023 1032 1034 1082 1131 

1116 423 1002 1006 1012 1031 1032 1065 1073 1108 1135 1141 1150 1191 1246 

1117 1006 1008 1013 1018 1021 1030 1037 1067 1120 1143 1177 1191 1209 1212 

1118 219 1006 1018 1025 1026 1044 1056 1076 1100 1156 1198 1201 1215 1245 

1119 1009 1014 1018 1022 1023 1054 1098 1109 1159 1222 1241 

1120 1000 1014 1017 1066 1072 1092 1097 1117 1127 1135 1142 1154 1157 1183 1192 

1121 1010 1023 1037 1048 1049 1053 1061 1076 1129 1134 1188 1196 

1122 1001 1011 1012 1013 1019 1022 1043 1085 1147 1190 1240 

1123 974 1008 1010 1015 1021 1025 1060 1092 1093 1137 1161 1176 1222 

1124 1001 1002 1008 1011 1014 1017 1031 1055 1138 1153 1170 1195 1203 

1125 1000 1008 1009 1024 1040 1067 1091 1106 1167 1168 1204 1221 1231 

1126 279 1016 1025 1026 1030 1041 1048 1073 1076 1127 1135 1143 1151 1202 1209 1220 1235 1241 1245 

1127 258 657 718 732 1010 1013 1020 1052 1058 1068 1120 1126 1130 1140 1147 1150 1193 1203 1209 1236 

1128 1001 1013 1014 1032 1037 1082 1095 1107 1144 1148 1160 1179 1198 1205 1239 1249 

1129 1001 1013 1014 1025 1073 1098 1103 1121 1144 1165 1181 1189 1190 1193 1224 1247 1248 

1130 1017 1031 1052 1061 1084 1111 1114 1127 1168 1186 1187 1206 1231 1239 1244 1245 

1131 1008 1013 1020 1085 1100 1112 1113 1115 1154 

1132 1013 1018 1038 1041 1086 1089 1099 1109 1147 1149 1159 1217 1220 1236 

1133 1006 1010 1015 1044 1048 1068 1071 1078 1160 1171 1177 1181 1188 1231 

1134 1010 1011 1015 1018 1022 1028 1034 1121 1153 1158 1190 1238 

1135 1008 1010 1022 1079 1109 1116 1120 1126 1244 

1136 1002 1015 1024 1025 1029 1074 1106 1113 1229 

1137 325 441 1009 1014 1024 1036 1046 1060 1094 1123 1143 1169 1185 1186 

1138 1017 1018 1024 1071 1081 1103 1104 1124 1175 1184 1226 

1139 331 581 1010 1014 1017 1019 1035 1097 1102 1108 1186 

1140 697 1010 1012 1014 1033 1043 1072 1089 1127 1156 1212 1230 

1141 417 1010 1011 1024 1033 1034 1089 1096 1116 

1142 164 1009 1022 1025 1041 1042 1048 1102 1120 

1143 1015 1027 1030 1055 1072 1117 1126 1137 1144 1192 1217 

1144 1001 1002 1010 1014 1053 1128 1129 1143 1156 1157 1176 1198 

1145 238 1006 1014 1045 1084 1090 1100 1103 1110 1152 1162 1168 

1146 226 1006 1007 1012 1017 1021 1038 1071 1093 1148 1152 1183 

1147 428 551 1015 1024 1037 1069 1072 1122 1127 1132 1177 

1148 1013 1017 1022 1048 1051 1064 1128 1146 

1149 1001 1002 1008 1009 1017 1023 1090 1132 

1150 1007 1008 1040 1079 1081 1112 1116 1127 1209 

1151 1016 1022 1029 1031 1046 1055 1085 1126 1178 1191 1196 1225 1226 1233 

1152 14 1007 1014 1016 1025 1036 1103 1145 1146 1184 1233 1247 

1153 1006 1007 1009 1020 1025 1057 1124 1134 1160 1208 

1154 1000 1052 1058 1073 1098 1099 1120 1131 1208 1239 

1155 580 1008 1012 1018 1019 1021 1048 1075 1089 1197 1218 1228 

1156 309 1006 1018 1021 1029 1033 1118 1140 1144 1185 1196 1235 

1157 1000 1006 1021 1034 1040 1063 1120 1144 1217 1220 1235 

1158 1008 1009 1016 1036 1037 1066 1099 1134 1192 1207 1242 

1159 1009 1011 1023 1029 1037 1062 1119 1132 1162 

1160 1002 1007 1009 1025 1032 1128 1133 1153 

1161 1004 1008 1010 1017 1053 1070 1089 1123 1181 

1162 1011 1042 1043 1048 1057 1069 1145 1159 1167 1189 1204 1207 1208 1225 

1163 1009 1020 1025 1030 1037 1043 1069 1083 1203 1228 1237 

1164 1003 1016 1021 1025 1042 1045 1066 1069 1235 

1165 1008 1012 1015 1038 1045 1071 1086 1129 1244 

1166 1002 1017 1018 1022 1036 1040 1065 1069 1243 1247 

1167 1003 1010 1013 1063 1074 1078 1125 1162 1196 1234 

1168 335 1001 1009 1010 1014 1114 1125 1130 1145 

1169 1010 1014 1033 1035 1042 1053 1112 1137 1192 1193 1235 

1170 1002 1005 1012 1016 1022 1040 1046 1124 1201 

1171 746 946 999 1018 1021 1023 1060 1072 1088 1103 1133 1182 1188 1200 1207 1213 1218 1240 

1172 1005 1012 1018 1019 1024 1026 1043 1068 

1173 1009 1015 1046 1052 1061 1077 1078 1091 1231 

1174 385 1009 1016 1023 1034 1057 1091 1099 1100 1176 1249 

1175 1000 1008 1012 1020 1032 1055 1108 1138 1189 1238 

1176 1014 1021 1024 1031 1032 1123 1144 1174 1187 1228 1234 1236 

1177 1004 1014 1055 1113 1114 1117 1133 1147 1195 

1178 1008 1009 1017 1032 1043 1055 1061 1151 1210 

1179 1010 1017 1032 1066 1070 1079 1102 1128 1215 1229 

1180 1008 1011 1022 1023 1027 1089 1102 1106 1225 

1181 1012 1025 1036 1053 1079 1129 1133 1161 1212 1237 

1182 427 1009 1053 1067 1071 1072 1085 1099 1171 1210 

1183 1017 1022 1049 1060 1074 1078 1120 1146 1222 

1184 1012 1014 1018 1046 1048 1108 1138 1152 1194 1219 

1185 1003 1017 1039 1040 1044 1078 1137 1156 

1186 555 1003 1008 1014 1026 1037 1130 1137 1139 

1187 1008 1013 1014 1054 1074 1083 1130 1176 1192 1201 

1188 1009 1012 1039 1073 1102 1121 1133 1171 1211 1221 

1189 1003 1008 1016 1069 1114 1129 1162 1175 1212 1217 

1190 1002 1017 1031 1097 1100 1122 1129 1134 

1191 1005 1017 1042 1045 1048 1116 1117 1151 1232 

1192 1012 1017 1106 1120 1143 1158 1169 1187 1207 1217 

1193 1000 1006 1020 1036 1107 1127 1129 1169 1234 1248 

1194 17 262 1016 1018 1034 1043 1044 1076 1085 1184 1198 

1195 456 1007 1008 1012 1016 1075 1114 1124 1177 

1196 1011 1016 1018 1088 1121 1151 1156 1167 1198 1224 

1197 1002 1035 1036 1040 1042 1086 1108 1155 1221 

1198 1012 1027 1090 1118 1128 1144 1194 1196 1210 1243 

1199 1006 1014 1019 1033 1046 1048 1072 1103 1204 

1200 755 763 1012 1019 1036 1037 1055 1057 1100 1171 

1201 864 1013 1014 1038 1069 1074 1118 1170 1187 

1202 364 1008 1015 1036 1042 1070 1076 1079 1126 

1203 1002 1017 1031 1037 1111 1124 1127 1163 

1204 48 1024 1040 1059 1078 1108 1125 1162 1199 1247 

1205 602 1002 1010 1016 1033 1052 1072 1106 1128 

1206 246 451 1008 1010 1020 1022 1083 1096 1099 1130 1215 1227 

1207 1022 1043 1076 1091 1158 1162 1171 1192 

1208 1008 1012 1026 1048 1098 1153 1154 1162 1216 

1209 222 1012 1044 1054 1057 1117 1126 1127 1150 

1210 1006 1011 1019 1031 1073 1178 1182 1198 1212 1226 1249 

1211 723 907 1011 1025 1050 1089 1103 1106 1113 1188 1219 1247 

1212 1047 1054 1078 1117 1140 1181 1189 1210 1246 

1213 1014 1018 1027 1034 1044 1063 1092 1171 1232 

1214 1006 1017 1024 1052 1055 1074 1106 1112 

1215 1008 1021 1046 1058 1076 1118 1179 1206 

1216 1006 1008 1016 1025 1053 1089 1114 1208 

1217 1054 1102 1104 1132 1143 1157 1189 1192 

1218 1009 1010 1024 1027 1047 1105 1155 1171 

1219 1009 1014 1015 1047 1050 1103 1184 1211 

1220 470 527 1007 1011 1032 1045 1111 1126 1132 1157 

1221 1010 1017 1030 1035 1060 1125 1188 1197 

1222 769 1010 1029 1079 1093 1108 1119 1123 1183 

1223 1002 1006 1014 1030 1038 1041 1102 1113 

1224 942 1009 1012 1014 1036 1042 1071 1129 1196 1246 

1225 268 1001 1009 1010 1076 1107 1151 1162 1180 

1226 269 1014 1017 1022 1067 1075 1138 1151 1210 1238 

1227 1010 1016 1027 1029 1036 1054 1076 1206 

1228 1006 1011 1032 1087 1108 1155 1163 1176 

1229 1006 1014 1061 1066 1078 1093 1136 1179 

1230 96 1008 1009 1012 1031 1044 1091 1103 1140 

1231 828 911 1007 1041 1081 1099 1125 1130 1133 1173 

1232 1007 1014 1048 1052 1099 1102 1191 1213 

1233 1000 1002 1010 1012 1045 1063 1151 1152 1245 

1234 45 408 541 1006 1015 1069 1086 1108 1167 1176 1193 

1235 1044 1051 1089 1126 1156 1157 1164 1169 

1236 800 1033 1038 1048 1049 1106 1127 1132 1176 

1237 1001 1007 1008 1009 1044 1080 1163 1181 

1238 122 1009 1017 1038 1058 1091 1134 1175 1226 1241 

1239 1010 1016 1025 1052 1057 1128 1130 1154 

1240 1009 1011 1034 1056 1074 1079 1122 1171 

1241 1021 1025 1079 1092 1095 1119 1126 1238 1245 

1242 1013 1015 1017 1030 1050 1102 1105 1158 

1243 1008 1016 1021 1023 1025 1074 1166 1198 

1244 382 1022 1037 1049 1099 1106 1130 1135 1165 

1245 1001 1055 1100 1118 1126 1130 1233 1241 

1246 1002 1011 1027 1028 1034 1116 1212 1224 

1247 206 305 1045 1069 1098 1129 1152 1166 1204 1211 

1248 1006 1008 1017 1040 1042 1048 1129 1193 

1249 1008 1017 1028 1046 1067 1128 1174 1210 