0.4208333333 0.4208333333 0.425 0.425 0.425 0.425 0.425 0.4208333333 
0.4208333333 0.4208333333 0.425 0.425 0.425 0.425 0.425 0.4208333333 
0.4291666667 0.4458333333 0.5291666667 0.4625 0.5291666667 0.4625 0.5291666667 0.4458333333 
0.4291666667 0.4458333333 0.5291666667 0.4625 0.5291666667 0.4625 0.5291666667 0.4458333333 
0.4291666667 0.4458333333 0.5291666667 0.4625 0.5291666667 0.4625 0.5291666667 0.4458333333 
0.4291666667 0.4458333333 0.5291666667 0.4625 0.5291666667 0.4625 0.5291666667 0.4458333333 
0.4291666667 0.4458333333 0.5291666667 0.4625 0.5291666667 0.4625 0.5291666667 0.4458333333 
0.4291666667 0.4458333333 0.5291666667 0.4625 0.5291666667 0.4625 0.5291666667 0.4458333333 
0.4291666667 0.4458333333 0.5291666667 0.4625 0.5291666667 0.4625 0.5291666667 0.4458333333 
0.4291666667 0.4458333333 0.5291666667 0.4625 0.5291666667 0.4625 0.5291666667 0.4458333333 
0.4291666667 0.4458333333 0.5291666667 0.4625 0.5291666667 0.4625 0.5291666667 0.4458333333 
0.4291666667 0.4458333333 0.5291666667 0.4625 0.5291666667 0.4625 0.5291666667 0.4458333333 
0.4291666667 0.4458333333 0.5291666667 0.4625 0.5291666667 0.4625 0.5291666667 0.4458333333 
0.4291666667 0.4458333333 0.5291666667 0.4625 0.5291666667 0.4625 0.5291666667 0.4458333333 
0.4291666667 0.4458333333 0.5291666667 0.4625 0.5291666667 0.4625 0.5291666667 0.4458333333 
0.4291666667 0.4458333333 0.5291666667 0.4625 0.5291666667 0.4625 0.5291666667 0.4458333333 
0.4291666667 0.4458333333 0.5291666667 0.4625 0.5291666667 0.4625 0.5291666667 0.4458333333 
0.4208333333 0.4291666667 0.5041666667 0.5375 0.5375 0.525 0.5333333333 0.4291666667 
0.4208333333 0.4291666667 0.5041666667 0.5375 0.5375 0.525 0.5333333333 0.4291666667 
0.4208333333 0.4291666667 0.5041666667 0.5375 0.5375 0.525 0.5333333333 0.4291666667 
0.4208333333 0.4291666667 0.5041666667 0.5375 0.5375 0.525 0.5333333333 0.4291666667 
0.4208333333 0.4291666667 0.5041666667 0.5375 0.5375 0.525 0.5333333333 0.4291666667 
0.4208333333 0.4291666667 0.5041666667 0.5375 0.5375 0.525 0.5333333333 0.4291666667 
0.4208333333 0.4291666667 0.5041666667 0.5375 0.5375 0.525 0.5333333333 0.4291666667 
0.4208333333 0.4291666667 0.5041666667 0.5375 0.5375 0.525 0.5333333333 0.4291666667 
0.4208333333 0.4291666667 0.5041666667 0.5375 0.5375 0.525 0.5333333333 0.4291666667 
0.4208333333 0.4291666667 0.5041666667 0.5375 0.5375 0.525 0.5333333333 0.4291666667 
0.4208333333 0.4291666667 0.5041666667 0.5375 0.5375 0.525 0.5333333333 0.4291666667 
0.4208333333 0.4291666667 0.5041666667 0.5375 0.5375 0.525 0.5333333333 0.4291666667 
0.4291666667 0.4291666667 0.4458333333 0.4458333333 0.4458333333 0.4458333333 0.4458333333 0.4291666667 
0.4166666667 0.4375 0.4458333333 0.4458333333 0.4458333333 0.4458333333 0.4458333333 0.4375 
0.4375 0.4375 0.4875 0.4875 0.4875 0.4875 0.4875 0.4375 
0.4458333333 0.4458333333 0.5041666667 0.5041666667 0.5041666667 0.5041666667 0.5041666667 0.4458333333 
0.4291666667 0.4291666667 0.4375 0.4333333333 0.4375 0.4333333333 0.4375 0.4291666667 
0.3916666667 0.4125 0.4041666667 0.4083333333 0.3916666667 0.4041666667 0.4083333333 0.3916666667 
0.4458333333 0.4458333333 0.4666666667 0.4666666667 0.4666666667 0.4666666667 0.4666666667 0.4458333333 
0.3958333333 0.3958333333 0.4166666667 0.4166666667 0.4166666667 0.4166666667 0.4166666667 0.3958333333 
0.4458333333 0.4458333333 0.5041666667 0.5 0.4833333333 0.5041666667 0.5041666667 0.4458333333 
0.4166666667 0.425 0.4666666667 0.4791666667 0.4166666667 0.4166666667 0.4666666667 0.4166666667 
0.4416666667 0.4458333333 0.4458333333 0.4458333333 0.4458333333 0.4458333333 0.4458333333 0.4458333333 
0.4583333333 0.4625 0.5125 0.5125 0.5125 0.5125 0.5125 0.4625 
0.4541666667 0.4583333333 0.4875 0.4875 0.4875 0.4875 0.4875 0.4583333333 
0.4333333333 0.4333333333 0.4625 0.4625 0.4625 0.4625 0.4625 0.4333333333 
0.3708333333 0.3833333333 0.3833333333 0.3833333333 0.3833333333 0.3708333333 0.3708333333 0.3708333333 
0.45 0.45 0.5125 0.5 0.4958333333 0.5041666667 0.5041666667 0.45 
0.4333333333 0.4333333333 0.4541666667 0.45 0.4333333333 0.4333333333 0.4541666667 0.4333333333 
0.4375 0.4458333333 0.4583333333 0.4583333333 0.4583333333 0.4583333333 0.4583333333 0.4458333333 
0.4458333333 0.45 0.5 0.4791666667 0.5 0.5 0.4833333333 0.45 
0.4 0.4041666667 0.4041666667 0.5083333333 0.5083333333 0.4333333333 0.4333333333 0.4041666667 
0.4 0.4125 0.525 0.525 0.525 0.525 0.525 0.4125 
0.4041666667 0.425 0.5 0.5 0.5 0.5 0.5 0.425 
0.4166666667 0.4166666667 0.4291666667 0.4166666667 0.4291666667 0.4166666667 0.4291666667 0.4166666667 
0.4291666667 0.4291666667 0.4333333333 0.4625 0.4291666667 0.4333333333 0.4625 0.4291666667 
0.4333333333 0.4333333333 0.4666666667 0.4666666667 0.4666666667 0.4666666667 0.4666666667 0.4333333333 
0.4291666667 0.4416666667 0.4416666667 0.4416666667 0.4791666667 0.4416666667 0.4416666667 0.4416666667 
0.4208333333 0.4208333333 0.4583333333 0.4583333333 0.4583333333 0.4583333333 0.4583333333 0.4208333333 
0.4333333333 0.4375 0.4666666667 0.4666666667 0.5 0.4666666667 0.5 0.4375 
0.4625 0.4625 0.475 0.5166666667 0.5166666667 0.4958333333 0.4958333333 0.4625 
