0.4377777778 0.4466666667 0.4655555556 0.4644444444 0.4644444444 0.4655555556 0.4655555556 0.4466666667 
0.4588888889 0.4588888889 0.4777777778 0.47 0.47 0.47 0.47 0.4588888889 
0.4511111111 0.4544444444 0.4766666667 0.4788888889 0.4788888889 0.4766666667 0.4766666667 0.4544444444 
0.4711111111 0.4766666667 0.49 0.4844444444 0.4811111111 0.4933333333 0.4822222222 0.4766666667 
0.4444444444 0.45 0.4655555556 0.47 0.4655555556 0.4655555556 0.4711111111 0.45 
0.4588888889 0.4633333333 0.4866666667 0.49 0.49 0.4922222222 0.4944444444 0.4633333333 
0.4588888889 0.4666666667 0.4733333333 0.4622222222 0.4733333333 0.4955555556 0.4944444444 0.4622222222 
0.4666666667 0.4677777778 0.5033333333 0.5122222222 0.5133333333 0.5122222222 0.5055555556 0.4677777778 
0.4366666667 0.4388888889 0.4422222222 0.4666666667 0.4422222222 0.4588888889 0.4588888889 0.4388888889 
0.4666666667 0.4677777778 0.4877777778 0.4911111111 0.4866666667 0.4955555556 0.4866666667 0.4677777778 
0.4544444444 0.4666666667 0.4588888889 0.4588888889 0.4588888889 0.4733333333 0.4588888889 0.4588888889 
0.4522222222 0.46 0.4844444444 0.4755555556 0.4755555556 0.4866666667 0.4866666667 0.46 
0.4366666667 0.4366666667 0.4566666667 0.4566666667 0.4566666667 0.4566666667 0.4566666667 0.4366666667 
0.47 0.4755555556 0.4811111111 0.4811111111 0.4811111111 0.4933333333 0.4933333333 0.4755555556 
0.4366666667 0.4455555556 0.4366666667 0.4522222222 0.4533333333 0.4544444444 0.4555555556 0.4366666667 
0.4522222222 0.4566666667 0.4622222222 0.4555555556 0.4622222222 0.47 0.47 0.4555555556 
0.4644444444 0.4677777778 0.5 0.4922222222 0.4922222222 0.4922222222 0.4922222222 0.4677777778 
0.45 0.4522222222 0.4755555556 0.4911111111 0.4911111111 0.4911111111 0.4911111111 0.4522222222 
0.4488888889 0.4533333333 0.4533333333 0.4722222222 0.4744444444 0.4666666667 0.4666666667 0.4533333333 
0.4455555556 0.4544444444 0.4511111111 0.4511111111 0.4511111111 0.45 0.45 0.45 
0.4544444444 0.4588888889 0.4644444444 0.5177777778 0.5177777778 0.46 0.4655555556 0.4588888889 
0.4311111111 0.4311111111 0.4311111111 0.4311111111 0.4311111111 0.4311111111 0.4311111111 0.4311111111 
0.4577777778 0.46 0.4788888889 0.4833333333 0.4833333333 0.4833333333 0.4833333333 0.46 
0.4366666667 0.4566666667 0.4555555556 0.4633333333 0.4633333333 0.44 0.4611111111 0.44 
0.4577777778 0.4611111111 0.48 0.4722222222 0.4722222222 0.4766666667 0.4722222222 0.4611111111 
0.4555555556 0.4611111111 0.4911111111 0.4966666667 0.4966666667 0.5022222222 0.5022222222 0.4611111111 
0.4344444444 0.4388888889 0.4533333333 0.4533333333 0.4533333333 0.4644444444 0.4566666667 0.4388888889 
0.4555555556 0.4633333333 0.4711111111 0.4733333333 0.4688888889 0.4711111111 0.4711111111 0.4633333333 
0.4333333333 0.4433333333 0.4433333333 0.4422222222 0.4577777778 0.4522222222 0.46 0.4422222222 
