0.2666666667 0.3 0.2666666667 0.3333333333 0.3 0.3 0.2666666667 0.2666666667 
0.3 0.3333333333 0.6 0.3333333333 0.3333333333 0.5 0.4666666667 0.3333333333 
0.3 0.3 0.4333333333 0.4 0.4 0.4 0.4 0.3 
0.3666666667 0.3666666667 0.3666666667 0.3666666667 0.3666666667 0.3666666667 0.3666666667 0.3666666667 
0.3 0.3 0.4 0.4333333333 0.4333333333 0.4333333333 0.4333333333 0.3 
0.4 0.4 0.4 0.4 0.4 0.4333333333 0.4333333333 0.4 
0.2333333333 0.2333333333 0.2666666667 0.3333333333 0.3333333333 0.3333333333 0.3333333333 0.2333333333 
0.3 0.3 0.3333333333 0.3666666667 0.3 0.3333333333 0.3666666667 0.3 
0.3 0.3333333333 0.3666666667 0.3666666667 0.3666666667 0.3666666667 0.3666666667 0.3333333333 
0.2666666667 0.3333333333 0.3 0.4333333333 0.4 0.3666666667 0.3666666667 0.3 
0.3333333333 0.3666666667 0.4666666667 0.5 0.5 0.4666666667 0.4666666667 0.3666666667 
0.2666666667 0.2666666667 0.3666666667 0.3666666667 0.3666666667 0.3666666667 0.3666666667 0.2666666667 
0.3333333333 0.3333333333 0.4666666667 0.4666666667 0.4666666667 0.4 0.4333333333 0.3333333333 
0.3666666667 0.4 0.3666666667 0.3666666667 0.3666666667 0.4333333333 0.4333333333 0.3666666667 
0.3666666667 0.4 0.4666666667 0.4666666667 0.4666666667 0.5 0.5 0.4 
0.3333333333 0.3333333333 0.3333333333 0.3333333333 0.3333333333 0.3333333333 0.3333333333 0.3333333333 
0.2666666667 0.3666666667 0.2666666667 0.2666666667 0.2666666667 0.2666666667 0.2666666667 0.2666666667 
0.3 0.3 0.3 0.3 0.4 0.4 0.3 0.3 
0.3666666667 0.4 0.4 0.4 0.4 0.4 0.4 0.4 
0.2 0.2333333333 0.2 0.3 0.3 0.2 0.2 0.2 
0.3 0.3 0.3 0.3 0.3 0.3333333333 0.3333333333 0.3 
0.3666666667 0.3666666667 0.3666666667 0.3666666667 0.3666666667 0.3666666667 0.3666666667 0.3666666667 
0.3333333333 0.3666666667 0.3333333333 0.4333333333 0.4333333333 0.3333333333 0.4 0.3333333333 
0.2333333333 0.2666666667 0.2333333333 0.2666666667 0.2666666667 0.2666666667 0.2666666667 0.2333333333 
0.3333333333 0.3333333333 0.3333333333 0.3666666667 0.3666666667 0.3333333333 0.3333333333 0.3333333333 
0.2666666667 0.3 0.3 0.3 0.3 0.3333333333 0.3333333333 0.3 
0.3666666667 0.4 0.4333333333 0.3666666667 0.4333333333 0.4333333333 0.4333333333 0.3666666667 
0.3333333333 0.3333333333 0.4666666667 0.5333333333 0.5333333333 0.5333333333 0.5666666667 0.3333333333 
0.3666666667 0.3666666667 0.5 0.5 0.5 0.5 0.5 0.3666666667 
