0.4518518519 0.4518518519 0.4537037037 0.4537037037 0.4537037037 0.4537037037 0.4537037037 0.4518518519 
0.4 0.4185185185 0.4185185185 0.4185185185 0.4185185185 0.4185185185 0.4185185185 0.4185185185 
0.4388888889 0.4388888889 0.4759259259 0.4759259259 0.4759259259 0.4759259259 0.4759259259 0.4388888889 
0.4518518519 0.4537037037 0.4666666667 0.4703703704 0.4703703704 0.4740740741 0.4740740741 0.4537037037 
0.437037037 0.4425925926 0.462962963 0.512962963 0.4518518519 0.462962963 0.462962963 0.4425925926 
0.4611111111 0.4685185185 0.4925925926 0.5074074074 0.5074074074 0.5074074074 0.5074074074 0.4685185185 
0.4351851852 0.4425925926 0.45 0.462962963 0.45 0.4537037037 0.462962963 0.4425925926 
0.4277777778 0.4351851852 0.4277777778 0.4277777778 0.4277777778 0.4277777778 0.4277777778 0.4277777778 
0.4425925926 0.4425925926 0.4481481481 0.4481481481 0.4481481481 0.4759259259 0.4481481481 0.4425925926 
0.4555555556 0.462962963 0.462962963 0.4574074074 0.4703703704 0.4703703704 0.462962963 0.4574074074 
0.4481481481 0.45 0.4981481481 0.5111111111 0.5111111111 0.5166666667 0.5166666667 0.45 
0.4388888889 0.4444444444 0.4388888889 0.4388888889 0.4388888889 0.4388888889 0.4388888889 0.4388888889 
0.4222222222 0.4388888889 0.462962963 0.462962963 0.462962963 0.462962963 0.462962963 0.4388888889 
0.4259259259 0.4259259259 0.4740740741 0.4740740741 0.4740740741 0.4740740741 0.4740740741 0.4259259259 
0.4388888889 0.4462962963 0.4796296296 0.4796296296 0.4796296296 0.4796296296 0.4796296296 0.4462962963 
0.4611111111 0.4648148148 0.4888888889 0.4888888889 0.4888888889 0.4888888889 0.4888888889 0.4648148148 
0.4759259259 0.4759259259 0.4962962963 0.4888888889 0.4888888889 0.4888888889 0.4888888889 0.4759259259 
0.4611111111 0.4611111111 0.4666666667 0.4722222222 0.4666666667 0.4722222222 0.4666666667 0.4611111111 
0.4555555556 0.4685185185 0.4666666667 0.5018518519 0.5018518519 0.5018518519 0.5018518519 0.4666666667 
0.4537037037 0.4611111111 0.4611111111 0.4611111111 0.4611111111 0.4796296296 0.4611111111 0.4611111111 
0.4518518519 0.4537037037 0.4722222222 0.4722222222 0.4722222222 0.4722222222 0.4722222222 0.4537037037 
0.4277777778 0.4333333333 0.4351851852 0.4555555556 0.4555555556 0.4555555556 0.4555555556 0.4333333333 
0.4425925926 0.4555555556 0.45 0.45 0.4425925926 0.462962963 0.4425925926 0.4425925926 
0.4703703704 0.4722222222 0.4907407407 0.5 0.5 0.5 0.5 0.4722222222 
0.4240740741 0.4333333333 0.4240740741 0.4240740741 0.4240740741 0.4240740741 0.4240740741 0.4240740741 
0.4648148148 0.4648148148 0.4962962963 0.4814814815 0.4814814815 0.4759259259 0.4759259259 0.4648148148 
0.4462962963 0.4462962963 0.5203703704 0.5111111111 0.5111111111 0.4722222222 0.4722222222 0.4462962963 
0.4185185185 0.4185185185 0.45 0.45 0.45 0.4574074074 0.4574074074 0.4185185185 
0.4055555556 0.4185185185 0.4814814815 0.4851851852 0.4185185185 0.4759259259 0.4851851852 0.4185185185 
