0.36 0.4 0.47 0.45 0.4 0.44 0.46 0.4 
0.26 0.3 0.26 0.33 0.33 0.34 0.26 0.26 
0.32 0.34 0.34 0.36 0.36 0.43 0.39 0.34 
0.33 0.38 0.47 0.51 0.51 0.49 0.49 0.38 
0.31 0.36 0.42 0.42 0.42 0.45 0.45 0.36 
0.31 0.34 0.36 0.46 0.46 0.39 0.45 0.34 
0.29 0.34 0.33 0.35 0.35 0.38 0.35 0.33 
0.31 0.37 0.42 0.42 0.42 0.45 0.45 0.37 
0.29 0.32 0.36 0.41 0.41 0.47 0.47 0.32 
0.31 0.33 0.32 0.35 0.35 0.36 0.32 0.32 
0.39 0.42 0.39 0.39 0.39 0.39 0.39 0.39 
0.29 0.3 0.29 0.3 0.3 0.3 0.3 0.29 
0.36 0.38 0.43 0.43 0.43 0.39 0.44 0.38 
0.33 0.36 0.39 0.39 0.39 0.39 0.39 0.36 
0.38 0.39 0.45 0.44 0.48 0.48 0.44 0.39 
0.41 0.43 0.47 0.46 0.45 0.46 0.47 0.43 
0.29 0.3 0.31 0.37 0.37 0.32 0.32 0.3 
0.39 0.39 0.42 0.48 0.48 0.48 0.46 0.39 
0.35 0.37 0.45 0.39 0.39 0.38 0.37 0.37 
0.34 0.36 0.35 0.35 0.35 0.38 0.38 0.35 
0.28 0.32 0.28 0.3 0.31 0.34 0.31 0.28 
0.29 0.34 0.33 0.31 0.31 0.32 0.32 0.31 
0.35 0.37 0.42 0.42 0.42 0.43 0.43 0.37 
0.3 0.31 0.32 0.36 0.38 0.34 0.36 0.31 
0.37 0.39 0.39 0.37 0.37 0.39 0.39 0.37 
0.36 0.37 0.44 0.44 0.44 0.47 0.46 0.37 
0.3 0.34 0.31 0.31 0.31 0.32 0.32 0.31 
0.37 0.39 0.45 0.51 0.51 0.51 0.51 0.39 
0.23 0.27 0.33 0.33 0.33 0.33 0.33 0.27 
