0.4233333333 0.4316666667 0.4383333333 0.4416666667 0.4383333333 0.4383333333 0.4383333333 0.4316666667 
0.45 0.455 0.485 0.485 0.485 0.49 0.49 0.455 
0.4216666667 0.4383333333 0.445 0.445 0.445 0.445 0.445 0.4383333333 
0.46 0.4716666667 0.5016666667 0.495 0.4983333333 0.4966666667 0.495 0.4716666667 
0.4316666667 0.4433333333 0.4566666667 0.48 0.48 0.485 0.4933333333 0.4433333333 
0.4416666667 0.4533333333 0.4783333333 0.4716666667 0.4583333333 0.4733333333 0.4916666667 0.4533333333 
0.4483333333 0.4516666667 0.465 0.485 0.4833333333 0.48 0.4833333333 0.4516666667 
0.4266666667 0.43 0.4633333333 0.44 0.4266666667 0.44 0.4266666667 0.4266666667 
0.4333333333 0.45 0.4933333333 0.49 0.4933333333 0.485 0.4916666667 0.45 
0.4416666667 0.4533333333 0.4533333333 0.4633333333 0.4633333333 0.4633333333 0.4633333333 0.4533333333 
0.4566666667 0.4683333333 0.4816666667 0.46 0.46 0.4716666667 0.46 0.46 
0.44 0.45 0.48 0.4633333333 0.4633333333 0.4633333333 0.4633333333 0.45 
0.4183333333 0.425 0.4566666667 0.4233333333 0.4566666667 0.4583333333 0.4633333333 0.4233333333 
0.435 0.4466666667 0.435 0.435 0.435 0.4416666667 0.435 0.435 
0.4283333333 0.44 0.4433333333 0.46 0.44 0.4433333333 0.4433333333 0.44 
0.4183333333 0.43 0.435 0.435 0.4233333333 0.4333333333 0.435 0.4233333333 
0.445 0.4516666667 0.4466666667 0.4833333333 0.4966666667 0.465 0.4516666667 0.4466666667 
0.4416666667 0.4466666667 0.4616666667 0.4483333333 0.4516666667 0.465 0.4483333333 0.4466666667 
0.4083333333 0.4166666667 0.4966666667 0.4966666667 0.4833333333 0.4783333333 0.49 0.4166666667 
0.42 0.4266666667 0.4333333333 0.4333333333 0.4333333333 0.4283333333 0.4283333333 0.4266666667 
0.42 0.4233333333 0.4366666667 0.45 0.45 0.4366666667 0.4366666667 0.4233333333 
0.46 0.4683333333 0.4833333333 0.4833333333 0.4833333333 0.4766666667 0.4766666667 0.4683333333 
0.435 0.44 0.46 0.4416666667 0.455 0.4483333333 0.4483333333 0.44 
0.4416666667 0.4466666667 0.4716666667 0.475 0.475 0.4716666667 0.4716666667 0.4466666667 
0.4033333333 0.4033333333 0.4416666667 0.4783333333 0.4783333333 0.4783333333 0.4783333333 0.4033333333 
0.435 0.44 0.455 0.4666666667 0.475 0.46 0.46 0.44 
0.41 0.4266666667 0.4533333333 0.4733333333 0.4733333333 0.4783333333 0.4766666667 0.4266666667 
0.43 0.4533333333 0.4383333333 0.4383333333 0.4383333333 0.4383333333 0.4383333333 0.4383333333 
0.4283333333 0.445 0.4416666667 0.4416666667 0.46 0.4666666667 0.4416666667 0.4416666667 
