0.4104761905 0.419047619 0.4257142857 0.4257142857 0.4257142857 0.4304761905 0.4304761905 0.419047619 
0.4561904762 0.4628571429 0.4580952381 0.4733333333 0.4733333333 0.4742857143 0.4733333333 0.4580952381 
0.4361904762 0.4438095238 0.4504761905 0.4428571429 0.4552380952 0.4438095238 0.4438095238 0.4428571429 
0.4485714286 0.4542857143 0.4761904762 0.4761904762 0.4752380952 0.4761904762 0.4752380952 0.4542857143 
0.4542857143 0.4666666667 0.4895238095 0.4895238095 0.4847619048 0.5142857143 0.5019047619 0.4666666667 
0.4533333333 0.4619047619 0.4885714286 0.4885714286 0.4885714286 0.4961904762 0.4819047619 0.4619047619 
0.4447619048 0.4561904762 0.4514285714 0.4657142857 0.4657142857 0.4476190476 0.4542857143 0.4476190476 
0.4504761905 0.4619047619 0.4733333333 0.4685714286 0.4685714286 0.4733333333 0.4619047619 0.4619047619 
0.4580952381 0.4685714286 0.4723809524 0.4761904762 0.4638095238 0.4704761905 0.4657142857 0.4638095238 
0.4514285714 0.4561904762 0.4542857143 0.4628571429 0.4714285714 0.4523809524 0.4523809524 0.4523809524 
0.4447619048 0.4485714286 0.4485714286 0.4485714286 0.4485714286 0.4514285714 0.4514285714 0.4485714286 
0.4447619048 0.4580952381 0.4533333333 0.4533333333 0.4533333333 0.46 0.4685714286 0.4533333333 
0.4466666667 0.4485714286 0.4476190476 0.4476190476 0.4476190476 0.4476190476 0.4476190476 0.4476190476 
0.4314285714 0.4447619048 0.4580952381 0.4971428571 0.4685714286 0.460952381 0.460952381 0.4447619048 
0.4504761905 0.4552380952 0.4571428571 0.4580952381 0.4580952381 0.4733333333 0.4733333333 0.4552380952 
0.4457142857 0.4647619048 0.5171428571 0.48 0.4895238095 0.4695238095 0.4676190476 0.4647619048 
0.4447619048 0.4542857143 0.4828571429 0.4714285714 0.460952381 0.4714285714 0.460952381 0.4542857143 
0.4314285714 0.4552380952 0.439047619 0.4533333333 0.4533333333 0.439047619 0.439047619 0.439047619 
0.440952381 0.4504761905 0.4685714286 0.479047619 0.479047619 0.4685714286 0.4685714286 0.4504761905 
0.4485714286 0.4542857143 0.4542857143 0.46 0.4580952381 0.4542857143 0.4523809524 0.4523809524 
0.4266666667 0.4419047619 0.4447619048 0.4533333333 0.4314285714 0.44 0.4380952381 0.4314285714 
0.4714285714 0.4780952381 0.4761904762 0.480952381 0.4761904762 0.4771428571 0.4771428571 0.4761904762 
0.4542857143 0.4723809524 0.4876190476 0.4942857143 0.4923809524 0.4952380952 0.4942857143 0.4723809524 
0.4438095238 0.4514285714 0.4542857143 0.4542857143 0.4542857143 0.4542857143 0.4542857143 0.4514285714 
0.4352380952 0.4552380952 0.4514285714 0.4619047619 0.4619047619 0.4619047619 0.4619047619 0.4514285714 
0.4371428571 0.4466666667 0.4419047619 0.4457142857 0.4457142857 0.4666666667 0.4666666667 0.4419047619 
0.4476190476 0.4619047619 0.4628571429 0.460952381 0.460952381 0.4628571429 0.4628571429 0.460952381 
0.4352380952 0.44 0.4419047619 0.4371428571 0.4542857143 0.4419047619 0.4419047619 0.4371428571 
0.42 0.4276190476 0.4314285714 0.4314285714 0.4314285714 0.4314285714 0.4314285714 0.4276190476 
