0.3977777778 0.4044444444 0.4022222222 0.4044444444 0.4044444444 0.4 0.4 0.4 
0.4266666667 0.4533333333 0.4466666667 0.4488888889 0.4422222222 0.46 0.4422222222 0.4422222222 
0.4155555556 0.4333333333 0.4444444444 0.4466666667 0.4466666667 0.4466666667 0.4466666667 0.4333333333 
0.4266666667 0.4377777778 0.4355555556 0.4422222222 0.4422222222 0.4422222222 0.44 0.4355555556 
0.3733333333 0.4022222222 0.38 0.3755555556 0.3755555556 0.4177777778 0.38 0.3755555556 
0.3888888889 0.4022222222 0.4 0.4288888889 0.4288888889 0.4333333333 0.4333333333 0.4 
0.4 0.4155555556 0.4222222222 0.4355555556 0.4488888889 0.4822222222 0.5044444444 0.4155555556 
0.4333333333 0.4377777778 0.4622222222 0.4955555556 0.4577777778 0.5088888889 0.4755555556 0.4377777778 
0.4066666667 0.4288888889 0.4266666667 0.4177777778 0.4177777778 0.4266666667 0.4266666667 0.4177777778 
0.4244444444 0.4377777778 0.4466666667 0.4888888889 0.4888888889 0.4711111111 0.4711111111 0.4377777778 
0.3444444444 0.3888888889 0.3777777778 0.3733333333 0.3733333333 0.3733333333 0.3733333333 0.3733333333 
0.4355555556 0.44 0.4711111111 0.4577777778 0.4622222222 0.4666666667 0.4666666667 0.44 
0.3888888889 0.4177777778 0.4444444444 0.4222222222 0.4222222222 0.4511111111 0.4155555556 0.4155555556 
0.42 0.4466666667 0.4488888889 0.4466666667 0.4466666667 0.4488888889 0.4488888889 0.4466666667 
0.4044444444 0.4222222222 0.4288888889 0.4288888889 0.4288888889 0.4244444444 0.4244444444 0.4222222222 
0.4 0.4244444444 0.4466666667 0.4422222222 0.4422222222 0.5222222222 0.4422222222 0.4244444444 
0.4177777778 0.4444444444 0.4688888889 0.4533333333 0.4533333333 0.4688888889 0.4688888889 0.4444444444 
0.3733333333 0.4133333333 0.38 0.4177777778 0.4177777778 0.3911111111 0.3866666667 0.38 
0.4333333333 0.4533333333 0.4466666667 0.44 0.44 0.4622222222 0.4622222222 0.44 
0.4155555556 0.4222222222 0.4444444444 0.4688888889 0.4688888889 0.4311111111 0.4311111111 0.4222222222 
0.3888888889 0.3911111111 0.3888888889 0.3955555556 0.3955555556 0.3955555556 0.3955555556 0.3888888889 
0.3733333333 0.3888888889 0.4177777778 0.4177777778 0.4177777778 0.42 0.42 0.3888888889 
0.3888888889 0.4066666667 0.4222222222 0.4288888889 0.4288888889 0.4288888889 0.4288888889 0.4066666667 
0.3822222222 0.3888888889 0.4355555556 0.4666666667 0.4866666667 0.4666666667 0.44 0.3888888889 
0.4177777778 0.4377777778 0.4733333333 0.4733333333 0.4733333333 0.4755555556 0.4755555556 0.4377777778 
0.4377777778 0.4533333333 0.4466666667 0.4533333333 0.4555555556 0.4711111111 0.4711111111 0.4466666667 
0.4355555556 0.4488888889 0.4511111111 0.4555555556 0.4555555556 0.4555555556 0.4555555556 0.4488888889 
0.3977777778 0.4177777778 0.42 0.42 0.4288888889 0.4022222222 0.42 0.4022222222 
0.3911111111 0.4111111111 0.3955555556 0.4155555556 0.4333333333 0.4066666667 0.3955555556 0.3955555556 
