0.4411111111 0.4555555556 0.4622222222 0.4533333333 0.4533333333 0.4622222222 0.4622222222 0.4533333333 
0.4277777778 0.4288888889 0.4377777778 0.4288888889 0.4377777778 0.4433333333 0.4411111111 0.4288888889 
0.4422222222 0.4633333333 0.4577777778 0.48 0.48 0.4822222222 0.4822222222 0.4577777778 
0.4222222222 0.4377777778 0.4333333333 0.44 0.4555555556 0.4566666667 0.4566666667 0.4333333333 
0.4444444444 0.4466666667 0.4566666667 0.47 0.4822222222 0.4655555556 0.4655555556 0.4466666667 
0.4388888889 0.4444444444 0.4466666667 0.4466666667 0.4444444444 0.4477777778 0.4466666667 0.4444444444 
0.4344444444 0.4444444444 0.4511111111 0.4555555556 0.4555555556 0.47 0.4555555556 0.4444444444 
0.4333333333 0.4466666667 0.4588888889 0.4588888889 0.4588888889 0.4588888889 0.4588888889 0.4466666667 
0.44 0.4455555556 0.4411111111 0.4555555556 0.4555555556 0.44 0.44 0.44 
0.4266666667 0.4488888889 0.4577777778 0.45 0.4577777778 0.4577777778 0.4588888889 0.4488888889 
0.45 0.4688888889 0.4577777778 0.4577777778 0.4577777778 0.4577777778 0.4577777778 0.4577777778 
0.4188888889 0.4288888889 0.4266666667 0.4277777778 0.4277777778 0.4277777778 0.4277777778 0.4266666667 
0.4355555556 0.44 0.4455555556 0.4466666667 0.4466666667 0.4444444444 0.4444444444 0.44 
0.4111111111 0.4188888889 0.4144444444 0.42 0.4188888889 0.4244444444 0.4233333333 0.4144444444 
0.41 0.4155555556 0.4355555556 0.4344444444 0.4311111111 0.4366666667 0.4366666667 0.4155555556 
0.46 0.4688888889 0.4877777778 0.49 0.4844444444 0.4844444444 0.4877777778 0.4688888889 
0.4388888889 0.4533333333 0.4511111111 0.4577777778 0.4577777778 0.4511111111 0.4511111111 0.4511111111 
0.42 0.4355555556 0.4488888889 0.42 0.4211111111 0.4422222222 0.4455555556 0.42 
0.4455555556 0.4511111111 0.4622222222 0.4866666667 0.4544444444 0.48 0.49 0.4511111111 
0.4277777778 0.4377777778 0.4322222222 0.4322222222 0.4322222222 0.4322222222 0.4322222222 0.4322222222 
0.4444444444 0.46 0.4444444444 0.45 0.4644444444 0.4688888889 0.4688888889 0.4444444444 
0.4344444444 0.4422222222 0.4533333333 0.4722222222 0.4722222222 0.4455555556 0.4377777778 0.4377777778 
0.4322222222 0.44 0.4377777778 0.4477777778 0.4477777778 0.4566666667 0.4377777778 0.4377777778 
0.4211111111 0.4377777778 0.4444444444 0.4611111111 0.4666666667 0.4844444444 0.4844444444 0.4377777778 
0.4411111111 0.4477777778 0.4466666667 0.45 0.4588888889 0.4411111111 0.4411111111 0.4411111111 
0.4288888889 0.4366666667 0.45 0.45 0.45 0.4544444444 0.4544444444 0.4366666667 
0.4233333333 0.4355555556 0.4344444444 0.4733333333 0.4733333333 0.4311111111 0.4277777778 0.4277777778 
0.4211111111 0.43 0.4533333333 0.4533333333 0.4433333333 0.4433333333 0.4522222222 0.43 
0.4211111111 0.4344444444 0.4322222222 0.4777777778 0.48 0.4555555556 0.4688888889 0.4322222222 
