0.45 0.4633333333 0.4866666667 0.4866666667 0.4866666667 0.4766666667 0.4766666667 0.4633333333 
0.4366666667 0.4433333333 0.48 0.4766666667 0.4766666667 0.4766666667 0.4766666667 0.4433333333 
0.4133333333 0.4233333333 0.46 0.46 0.46 0.46 0.46 0.4233333333 
0.4033333333 0.4033333333 0.4033333333 0.4033333333 0.4033333333 0.4033333333 0.4033333333 0.4033333333 
0.3966666667 0.4266666667 0.45 0.4633333333 0.4633333333 0.4666666667 0.4633333333 0.4266666667 
0.44 0.4466666667 0.4766666667 0.4733333333 0.4733333333 0.4733333333 0.4733333333 0.4466666667 
0.3966666667 0.4 0.4666666667 0.4766666667 0.3966666667 0.42 0.4733333333 0.3966666667 
0.4066666667 0.42 0.52 0.4266666667 0.49 0.5433333333 0.5433333333 0.42 
0.43 0.43 0.43 0.43 0.43 0.4433333333 0.4433333333 0.43 
0.4366666667 0.4566666667 0.4833333333 0.4766666667 0.5133333333 0.4766666667 0.5133333333 0.4566666667 
0.4233333333 0.4233333333 0.4266666667 0.44 0.4266666667 0.4266666667 0.4266666667 0.4233333333 
0.4266666667 0.43 0.55 0.5066666667 0.55 0.5133333333 0.5133333333 0.43 
0.41 0.41 0.41 0.45 0.45 0.4333333333 0.4333333333 0.41 
0.4466666667 0.4466666667 0.47 0.47 0.46 0.46 0.47 0.4466666667 
0.4033333333 0.4066666667 0.4166666667 0.4166666667 0.4166666667 0.4166666667 0.4166666667 0.4066666667 
0.4333333333 0.4333333333 0.44 0.44 0.44 0.44 0.44 0.4333333333 
0.4333333333 0.45 0.45 0.45 0.45 0.49 0.45 0.45 
0.4233333333 0.4466666667 0.43 0.4466666667 0.47 0.4766666667 0.4766666667 0.43 
0.4166666667 0.42 0.4333333333 0.4233333333 0.4333333333 0.4366666667 0.4366666667 0.42 
0.4433333333 0.4566666667 0.4566666667 0.4633333333 0.4566666667 0.4566666667 0.4566666667 0.4566666667 
0.3766666667 0.39 0.4633333333 0.4866666667 0.4866666667 0.5166666667 0.5166666667 0.39 
0.4433333333 0.45 0.4433333333 0.4533333333 0.4533333333 0.4433333333 0.4433333333 0.4433333333 
0.44 0.4466666667 0.5 0.4733333333 0.4633333333 0.5066666667 0.4733333333 0.4466666667 
0.45 0.4566666667 0.4666666667 0.4666666667 0.4666666667 0.4666666667 0.4666666667 0.4566666667 
0.4233333333 0.4233333333 0.44 0.4233333333 0.44 0.4566666667 0.4566666667 0.4233333333 
0.4133333333 0.4233333333 0.4233333333 0.4566666667 0.43 0.43 0.4233333333 0.4233333333 
0.4233333333 0.4433333333 0.45 0.4733333333 0.4733333333 0.45 0.45 0.4433333333 
0.3866666667 0.4 0.4633333333 0.4633333333 0.4633333333 0.4633333333 0.4633333333 0.4 
0.3933333333 0.4 0.47 0.4433333333 0.4633333333 0.4933333333 0.48 0.4 
