0.4226666667 0.44 0.4426666667 0.4306666667 0.4306666667 0.4586666667 0.4426666667 0.4306666667 
0.424 0.4386666667 0.4386666667 0.452 0.4453333333 0.4453333333 0.4453333333 0.4386666667 
0.4333333333 0.44 0.4653333333 0.4573333333 0.4733333333 0.4666666667 0.452 0.44 
0.4146666667 0.4213333333 0.4306666667 0.452 0.452 0.4853333333 0.4786666667 0.4213333333 
0.428 0.436 0.448 0.4306666667 0.448 0.4533333333 0.4333333333 0.4306666667 
0.4426666667 0.452 0.452 0.4653333333 0.4653333333 0.456 0.456 0.452 
0.4466666667 0.4546666667 0.468 0.46 0.46 0.4586666667 0.4586666667 0.4546666667 
0.4173333333 0.4186666667 0.4266666667 0.4386666667 0.4386666667 0.4333333333 0.4333333333 0.4186666667 
0.416 0.4266666667 0.4506666667 0.4373333333 0.4506666667 0.4506666667 0.448 0.4266666667 
0.4506666667 0.4666666667 0.4653333333 0.4666666667 0.4786666667 0.4706666667 0.4653333333 0.4653333333 
0.4106666667 0.4346666667 0.428 0.428 0.4186666667 0.444 0.4466666667 0.4186666667 
0.432 0.4493333333 0.4733333333 0.4653333333 0.4426666667 0.472 0.472 0.4426666667 
0.4333333333 0.448 0.4333333333 0.452 0.452 0.4773333333 0.4773333333 0.4333333333 
0.4386666667 0.4573333333 0.4586666667 0.4586666667 0.4586666667 0.48 0.48 0.4573333333 
0.4213333333 0.4333333333 0.4293333333 0.4226666667 0.4226666667 0.4253333333 0.4306666667 0.4226666667 
0.4213333333 0.4373333333 0.432 0.4413333333 0.4413333333 0.432 0.444 0.432 
0.4333333333 0.4413333333 0.4506666667 0.448 0.4613333333 0.4693333333 0.4533333333 0.4413333333 
0.4293333333 0.4306666667 0.4573333333 0.4533333333 0.4453333333 0.4546666667 0.4546666667 0.4306666667 
0.4386666667 0.4506666667 0.46 0.4573333333 0.4573333333 0.444 0.444 0.444 
0.436 0.448 0.4746666667 0.472 0.472 0.4733333333 0.4733333333 0.448 
0.4186666667 0.4266666667 0.4226666667 0.4226666667 0.4266666667 0.4266666667 0.4266666667 0.4226666667 
0.4426666667 0.444 0.4533333333 0.488 0.476 0.46 0.4666666667 0.444 
0.4386666667 0.444 0.4533333333 0.4533333333 0.4533333333 0.4533333333 0.4533333333 0.444 
0.4333333333 0.444 0.4493333333 0.4493333333 0.4493333333 0.4493333333 0.4493333333 0.444 
0.4426666667 0.448 0.4626666667 0.456 0.456 0.448 0.448 0.448 
0.436 0.4533333333 0.456 0.444 0.4586666667 0.4666666667 0.452 0.444 
0.4266666667 0.428 0.4306666667 0.4306666667 0.4306666667 0.448 0.448 0.428 
0.452 0.4626666667 0.5133333333 0.488 0.488 0.516 0.5093333333 0.4626666667 
0.4386666667 0.452 0.4573333333 0.4813333333 0.488 0.4693333333 0.4546666667 0.452 
