0.4333333333 0.4333333333 0.4555555556 0.4555555556 0.4555555556 0.4555555556 0.4555555556 0.4333333333 
0.4333333333 0.4407407407 0.4444444444 0.4740740741 0.4740740741 0.4444444444 0.4740740741 0.4407407407 
0.4296296296 0.4296296296 0.5074074074 0.5074074074 0.5074074074 0.5074074074 0.5074074074 0.4296296296 
0.4777777778 0.4777777778 0.4814814815 0.4814814815 0.4814814815 0.4814814815 0.4814814815 0.4777777778 
0.4407407407 0.4444444444 0.4407407407 0.4407407407 0.4407407407 0.4407407407 0.4407407407 0.4407407407 
0.4074074074 0.4185185185 0.4148148148 0.4111111111 0.4074074074 0.4148148148 0.4111111111 0.4074074074 
0.4444444444 0.4518518519 0.4666666667 0.4888888889 0.462962963 0.4888888889 0.462962963 0.4518518519 
0.4185185185 0.4185185185 0.4481481481 0.4481481481 0.4481481481 0.4481481481 0.4481481481 0.4185185185 
0.4555555556 0.4555555556 0.4851851852 0.4851851852 0.4851851852 0.4851851852 0.4851851852 0.4555555556 
0.4222222222 0.4296296296 0.4592592593 0.4703703704 0.4222222222 0.4555555556 0.4592592593 0.4222222222 
0.4111111111 0.4407407407 0.4666666667 0.4666666667 0.4666666667 0.5 0.4185185185 0.4185185185 
0.4592592593 0.4592592593 0.4888888889 0.4888888889 0.4888888889 0.4888888889 0.4888888889 0.4592592593 
0.4444444444 0.4592592593 0.5037037037 0.5074074074 0.5074074074 0.5037037037 0.5037037037 0.4592592593 
0.4481481481 0.4481481481 0.4592592593 0.4592592593 0.4592592593 0.4592592593 0.4592592593 0.4481481481 
0.4481481481 0.462962963 0.4925925926 0.4925925926 0.4925925926 0.4925925926 0.4925925926 0.462962963 
0.4518518519 0.4518518519 0.4814814815 0.4814814815 0.4814814815 0.4814814815 0.4814814815 0.4518518519 
0.4407407407 0.4444444444 0.4518518519 0.4518518519 0.4518518519 0.4518518519 0.4518518519 0.4444444444 
0.4259259259 0.4333333333 0.4296296296 0.4296296296 0.4296296296 0.4296296296 0.4296296296 0.4296296296 
0.4148148148 0.4185185185 0.5259259259 0.5259259259 0.5259259259 0.562962963 0.5481481481 0.4185185185 
0.3925925926 0.4037037037 0.4185185185 0.4185185185 0.4185185185 0.4185185185 0.4185185185 0.4037037037 
0.4259259259 0.4259259259 0.437037037 0.437037037 0.437037037 0.4666666667 0.4666666667 0.4259259259 
0.4222222222 0.4407407407 0.5111111111 0.5111111111 0.5111111111 0.5111111111 0.5111111111 0.4407407407 
0.4481481481 0.4481481481 0.4851851852 0.4851851852 0.4851851852 0.4851851852 0.4851851852 0.4481481481 
0.4259259259 0.4259259259 0.4777777778 0.4888888889 0.4777777778 0.4888888889 0.4777777778 0.4259259259 
0.437037037 0.437037037 0.4592592593 0.4592592593 0.4592592593 0.4592592593 0.4592592593 0.437037037 
0.4222222222 0.4333333333 0.4481481481 0.4481481481 0.4481481481 0.4481481481 0.4481481481 0.4333333333 
0.4222222222 0.4222222222 0.4740740741 0.4740740741 0.4740740741 0.4740740741 0.4740740741 0.4222222222 
0.4555555556 0.4592592593 0.4814814815 0.4814814815 0.4814814815 0.4814814815 0.4814814815 0.4592592593 
0.4592592593 0.4666666667 0.4851851852 0.4851851852 0.4666666667 0.4851851852 0.4851851852 0.4666666667 
