0.425 0.43375 0.465 0.46875 0.46875 0.4625 0.4625 0.43375 
0.44125 0.445 0.47375 0.48375 0.49875 0.4575 0.47375 0.445 
0.44625 0.45375 0.465 0.4725 0.4675 0.47625 0.47875 0.45375 
0.4675 0.47375 0.485 0.485 0.485 0.485 0.485 0.47375 
0.4525 0.4575 0.4825 0.485 0.485 0.4825 0.4875 0.4575 
0.46125 0.4675 0.47625 0.49 0.49 0.4925 0.49125 0.4675 
0.455 0.4575 0.5 0.49125 0.49125 0.5025 0.5 0.4575 
0.44375 0.44625 0.45625 0.48 0.45625 0.48 0.45625 0.44625 
0.43375 0.43875 0.43375 0.44375 0.43875 0.43875 0.43375 0.43375 
0.42625 0.42875 0.4275 0.43125 0.4425 0.4275 0.43125 0.4275 
0.4425 0.44875 0.4775 0.46625 0.46625 0.46875 0.48 0.44875 
0.43125 0.4375 0.48 0.47375 0.47375 0.48 0.48 0.4375 
0.4225 0.42875 0.45 0.42625 0.455 0.455 0.44375 0.42625 
0.46625 0.47125 0.50625 0.5075 0.5075 0.49875 0.5025 0.47125 
0.45 0.45625 0.4675 0.4675 0.4675 0.46375 0.46375 0.45625 
0.44875 0.45375 0.45625 0.45375 0.45625 0.45625 0.45375 0.45375 
0.445 0.45125 0.45625 0.4625 0.455 0.4625 0.455 0.45125 
0.43375 0.4475 0.44 0.44 0.44 0.45125 0.45125 0.44 
0.4125 0.43125 0.4625 0.4475 0.4625 0.4625 0.45375 0.43125 
0.45375 0.45625 0.47625 0.4825 0.4825 0.47875 0.47875 0.45625 
0.45625 0.46125 0.49125 0.46625 0.46625 0.47625 0.47625 0.46125 
0.44625 0.45875 0.44625 0.48375 0.48 0.45625 0.46 0.44625 
0.43 0.43375 0.46375 0.43875 0.43625 0.45 0.46375 0.43375 
0.4425 0.45 0.45125 0.45 0.45 0.45375 0.45125 0.45 
0.4475 0.4475 0.46375 0.46375 0.475 0.46375 0.475 0.4475 
0.45375 0.4625 0.4775 0.4775 0.4775 0.47 0.47 0.4625 
0.4275 0.44375 0.4375 0.4375 0.44125 0.43375 0.4375 0.43375 
0.44875 0.45 0.455 0.455 0.455 0.455 0.455 0.45 
0.43875 0.44625 0.4525 0.465 0.465 0.4525 0.4525 0.44625 
