0.44375 0.44375 0.4583333333 0.4583333333 0.4583333333 0.4583333333 0.4583333333 0.44375 
0.4375 0.44375 0.5041666667 0.4708333333 0.4708333333 0.5041666667 0.4833333333 0.44375 
0.4333333333 0.44375 0.49375 0.4916666667 0.5041666667 0.5041666667 0.5020833333 0.44375 
0.40625 0.4166666667 0.4104166667 0.4104166667 0.4104166667 0.4104166667 0.4104166667 0.4104166667 
0.4125 0.4125 0.5104166667 0.4833333333 0.4833333333 0.5104166667 0.4666666667 0.4125 
0.45625 0.4604166667 0.4958333333 0.50625 0.50625 0.4958333333 0.4958333333 0.4604166667 
0.4291666667 0.4375 0.44375 0.44375 0.44375 0.44375 0.44375 0.4375 
0.4333333333 0.4333333333 0.4354166667 0.4333333333 0.4354166667 0.4354166667 0.4354166667 0.4333333333 
0.4395833333 0.4395833333 0.45 0.45 0.45 0.4791666667 0.4791666667 0.4395833333 
0.4395833333 0.4583333333 0.45625 0.4416666667 0.4583333333 0.45625 0.4416666667 0.4416666667 
0.4541666667 0.4625 0.4645833333 0.4666666667 0.4729166667 0.4729166667 0.4645833333 0.4625 
0.4375 0.4479166667 0.4729166667 0.4625 0.46875 0.45 0.4729166667 0.4479166667 
0.4583333333 0.4666666667 0.4625 0.4625 0.4625 0.4666666667 0.4666666667 0.4625 
0.44375 0.45 0.4583333333 0.475 0.475 0.45625 0.4583333333 0.45 
0.4625 0.46875 0.50625 0.50625 0.50625 0.50625 0.50625 0.46875 
0.4354166667 0.4354166667 0.4375 0.4375 0.46875 0.4541666667 0.4375 0.4354166667 
0.4416666667 0.4541666667 0.4625 0.4583333333 0.4625 0.4583333333 0.4625 0.4541666667 
0.4416666667 0.4666666667 0.4791666667 0.45625 0.45625 0.4791666667 0.4791666667 0.45625 
0.4625 0.4625 0.4791666667 0.4729166667 0.4729166667 0.4729166667 0.4729166667 0.4625 
0.4479166667 0.4583333333 0.4854166667 0.4854166667 0.4854166667 0.4854166667 0.4854166667 0.4583333333 
0.4354166667 0.4395833333 0.4458333333 0.4458333333 0.4458333333 0.45 0.45 0.4395833333 
0.45 0.45 0.4875 0.5229166667 0.5166666667 0.4916666667 0.5229166667 0.45 
0.4291666667 0.4375 0.4479166667 0.4479166667 0.4375 0.4479166667 0.4375 0.4375 
0.4416666667 0.45625 0.4958333333 0.46875 0.4541666667 0.48125 0.46875 0.4541666667 
0.4270833333 0.44375 0.45 0.4645833333 0.4645833333 0.4604166667 0.4604166667 0.44375 
0.4479166667 0.4479166667 0.4625 0.4625 0.4625 0.4625 0.4625 0.4479166667 
0.4354166667 0.4354166667 0.49375 0.48125 0.49375 0.49375 0.49375 0.4354166667 
0.4104166667 0.4125 0.45625 0.45625 0.45625 0.4625 0.4625 0.4125 
0.4041666667 0.4145833333 0.46875 0.4895833333 0.4479166667 0.4791666667 0.4895833333 0.4145833333 
