0.4333333333 0.4428571429 0.4476190476 0.453968254 0.4523809524 0.4476190476 0.4476190476 0.4428571429 
0.4333333333 0.4619047619 0.4634920635 0.4698412698 0.4698412698 0.4619047619 0.4634920635 0.4619047619 
0.4111111111 0.4365079365 0.4253968254 0.4380952381 0.4365079365 0.4285714286 0.419047619 0.419047619 
0.4126984127 0.4253968254 0.4507936508 0.4777777778 0.4412698413 0.4428571429 0.446031746 0.4253968254 
0.4349206349 0.4571428571 0.4492063492 0.4492063492 0.4746031746 0.453968254 0.453968254 0.4492063492 
0.4047619048 0.419047619 0.5174603175 0.4396825397 0.4476190476 0.4936507937 0.4936507937 0.419047619 
0.4444444444 0.4619047619 0.4841269841 0.4841269841 0.4841269841 0.4777777778 0.4793650794 0.4619047619 
0.380952381 0.426984127 0.426984127 0.4492063492 0.4507936508 0.4412698413 0.4412698413 0.426984127 
0.4206349206 0.4444444444 0.4301587302 0.4333333333 0.4238095238 0.426984127 0.426984127 0.426984127 
0.3936507937 0.4349206349 0.4682539683 0.4714285714 0.4714285714 0.4444444444 0.4380952381 0.4349206349 
0.4253968254 0.4396825397 0.4412698413 0.4523809524 0.4412698413 0.4714285714 0.4523809524 0.4396825397 
0.4031746032 0.4317460317 0.426984127 0.426984127 0.4238095238 0.4238095238 0.4238095238 0.4238095238 
0.3968253968 0.4111111111 0.4111111111 0.4063492063 0.4396825397 0.4222222222 0.4253968254 0.4063492063 
0.4031746032 0.4301587302 0.4063492063 0.4396825397 0.4349206349 0.4396825397 0.4063492063 0.4063492063 
0.419047619 0.4285714286 0.4285714286 0.4222222222 0.4222222222 0.4285714286 0.4285714286 0.4222222222 
0.4444444444 0.4666666667 0.4857142857 0.480952381 0.4619047619 0.4904761905 0.4904761905 0.4619047619 
0.4412698413 0.4571428571 0.4825396825 0.4444444444 0.4444444444 0.4698412698 0.4761904762 0.4444444444 
0.3936507937 0.4111111111 0.4079365079 0.419047619 0.419047619 0.4015873016 0.4 0.4 
0.4238095238 0.4523809524 0.4777777778 0.473015873 0.4777777778 0.4698412698 0.4698412698 0.4523809524 
0.4317460317 0.446031746 0.4412698413 0.4571428571 0.4380952381 0.4666666667 0.4555555556 0.4380952381 
0.4126984127 0.4380952381 0.4174603175 0.419047619 0.419047619 0.4174603175 0.4174603175 0.4174603175 
0.4349206349 0.4428571429 0.4619047619 0.4587301587 0.4682539683 0.4619047619 0.4650793651 0.4428571429 
0.4095238095 0.426984127 0.4317460317 0.4349206349 0.4333333333 0.4507936508 0.4507936508 0.426984127 
0.4063492063 0.4333333333 0.4396825397 0.453968254 0.453968254 0.4555555556 0.4555555556 0.4333333333 
0.4380952381 0.4571428571 0.4714285714 0.473015873 0.473015873 0.4698412698 0.4714285714 0.4571428571 
0.3825396825 0.3888888889 0.3952380952 0.4015873016 0.4015873016 0.4063492063 0.4063492063 0.3888888889 
0.4079365079 0.4285714286 0.4380952381 0.4380952381 0.4428571429 0.419047619 0.4174603175 0.4174603175 
0.4126984127 0.4317460317 0.4253968254 0.4317460317 0.4444444444 0.4714285714 0.4349206349 0.4253968254 
0.4317460317 0.4507936508 0.4492063492 0.4714285714 0.4825396825 0.4698412698 0.4793650794 0.4492063492 
