4
6
8
9
11
12
13
14
16
17
19
21
22
23
25
26
28
31
32
33
34
35
37
38
40
41
43
45
46
47
49
50
51
56
57
58
59
61
62
63
64
65
66
67
68
71
74
75
77
78
81
82
83
84
85
88
89
92
93
95
96
97
98
100
101
106
108
109
110
111
113
114
115
116
117
120
121
126
127
128
130
131
133
137
138
146
147
148
150
152
154
155
156
159
162
165
166
167
171
172
174
175
176
177
178
179
181
183
184
186
188
190
191
193
194
195
199
201
203
206
207
211
213
214
217
218
223
224
225
226
231
241
242
245
247
248
249
255
258
259
260
261
267
269
271
273
274
277
280
282
283
284
285
286
288
293
298
299
302
304
306
308
312
316
317
318
319
320
321
322
324
325
327
332
333
335
338
341
342
343
346
347
348
350
352
353
354
356
357
358
378
379
380
381
382
383
385
386
388
389
393
394
397
399
401
402
406
409
411
412
413
415
417
418
422
423
424
425
426
429
430
436
437
448
449
450
451
452
458
461
463
464
465
466
467
468
475
476
479
480
481
482
484
486
487
489
490
491
493
494
498
499
500
503
504
507
508
509
510
511
